4981,2
771,1
2213,3
8777,3
789,1
6087,3
7922,3
3533,3
7279,2
4184,2
9864,1
3025,2
7270,3
4059,1
448,3
883,1
945,2
7129,2
5133,3
8454,2
6486,3
8538,2
2062,1
475,2
2755,2
8278,3
3386,2
4970,3
5112,2
8053,3
1482,1
5849,2
2683,2
6831,3
6755,2
7626,3
7058,1
2132,2
550,3
8409,1
1990,2
6949,2
6605,3
9715,2
3554,2
9657,1
9738,3
258,1
9915,1
6324,2
5841,2
2817,3
5707,3
3322,3
7305,3
7846,3
9055,3
8473,3
7622,2
3794,3
8802,2
4082,2
6235,1
9451,1
1956,3
6575,1
465,2
4444,3
7231,3
9007,1
675,3
4482,2
9115,1
9925,1
3630,2
9287,3
7983,3
6236,3
9877,3
2660,2
9324,2
8152,1
3650,1
308,1
7581,1
7842,3
9784,2
3593,3
6844,1
9509,3
2920,1
2381,1
7590,3
8515,1
8108,1
2955,2
9447,1
9355,1
1469,2
3254,2
9249,1
2944,3
8360,3
2343,1
6361,3
6149,2
3191,1
9488,1
7645,1
8159,1
5325,1
7738,1
9706,1
1750,3
2008,3
1356,2
5204,3
2972,2
6846,1
9538,2
7574,3
1767,3
74,1
835,2
1912,3
94,1
46,1
7555,1
6709,2
8603,3
264,3
7499,1
9893,2
5036,2
8514,3
4610,1
1629,1
4960,2
7085,2
2266,1
9814,1
890,2
7816,3
5008,2
6812,3
8266,2
2859,3
1513,1
6868,1
548,3
6052,1
7951,2
3217,3
4491,3
7636,3
7863,3
2107,1
8762,1
7751,1
280,3
878,2
982,2
3768,2
4374,3
5558,1
44,3
5053,3
4034,1
8740,3
489,1
6333,2
4613,1
8060,2
6314,2
3258,1
5677,1
4582,3
2947,3
4567,3
1448,2
8745,2
6529,3
5942,3
3170,2
6435,2
6378,3
1688,1
5267,2
8665,1
1596,1
5228,3
6308,3
3266,2
1161,3
2503,1
2152,2
1443,2
6621,3
5027,3
8179,1
2772,3
3220,1
9025,2
6477,3
1473,1
10,3
8960,1
389,3
8728,1
5399,1
9659,3
4724,2
6950,1
4394,2
5376,1
1889,2
4358,2
5044,1
9512,1
3242,1
6010,3
8414,1
3876,3
7077,1
2648,1
2486,1
9113,2
5412,1
319,1
8919,1
2882,2
5628,3
711,2
9794,1
3859,3
7681,1
892,1
3016,3
8322,1
5802,2
7106,3
9325,1
8977,3
7870,3
9180,2
9645,2
3710,1
5770,2
1615,2
7788,2
2415,1
8067,1
5791,1
6179,1
6434,2
2366,2
5699,2
201,3
2405,3
6130,2
5290,2
7201,3
6011,3
9474,1
7827,3
8260,3
3917,2
6929,1
2626,2
3972,3
2111,3
8978,2
8076,1
2665,1
8472,1
6882,3
8699,3
783,1
7785,2
2893,1
4993,1
9497,2
3252,1
8197,3
1341,1
8451,1
275,3
6643,2
8522,2
2637,2
7458,1
360,3
9298,3
9528,2
8051,3
4536,2
7742,2
3049,3
1295,2
8852,2
1135,3
6272,1
8658,1
9811,2
4435,1
5318,3
9129,3
9163,3
1631,1
8792,2
3476,3
5725,2
4846,2
7559,3
2854,1
2605,3
5685,1
9862,1
9585,3
742,3
8230,3
1218,3
1742,3
1661,3
703,3
5213,3
762,1
4438,1
2136,2
1198,2
3623,2
3806,3
9199,1
5619,2
3088,2
6175,1
7075,2
7353,3
7013,1
4920,1
5375,2
1992,2
3696,3
4676,2
5924,1
205,1
9699,3
8331,3
9646,1
5319,2
9884,3
5559,2
5976,3
1799,2
7254,3
388,2
6800,3
8928,1
8924,2
2927,3
2822,1
7369,1
2149,1
9716,3
605,1
6536,1
4028,2
8034,1
2647,2
5586,3
5493,3
6267,2
7700,3
1991,1
7435,2
8597,1
8887,2
670,3
7970,1
5716,1
4031,2
5649,3
8594,2
1101,1
3684,3
6961,1
5605,2
446,3
5409,2
3319,1
1200,3
8030,2
6214,2
8259,3
4214,2
9959,2
4225,3
1618,3
6860,2
7236,2
4851,1
3592,3
5891,3
5123,1
7873,3
194,2
9429,1
3688,1
1484,1
7535,3
6462,2
2611,2
3272,1
1270,1
1562,2
8421,2
4625,2
6595,3
1038,1
5125,3
4098,2
2258,1
8902,3
4809,2
839,3
9048,2
847,1
2775,3
2028,3
3192,3
2703,3
4501,3
5345,3
8170,1
5736,1
698,3
6155,3
8164,3
1059,1
4758,1
6150,2
2030,2
8774,1
5822,2
2413,3
1299,3
3721,3
1080,3
4325,1
1914,2
1015,1
5969,3
8324,1
6657,2
2560,1
6444,2
4309,3
1656,1
9631,3
813,1
103,2
9992,2
556,2
1237,1
7264,3
7110,2
9308,3
8645,3
8678,1
8693,1
330,3
2659,1
231,1
8616,1
8257,3
2100,1
6810,2
9434,2
9852,2
1424,2
697,1
1360,3
4833,2
5834,1
6727,3
5705,1
5609,2
4621,2
4409,1
1775,3
4639,3
2330,1
8673,1
9448,1
1007,2
6756,3
5537,1
928,3
4519,2
474,1
6655,1
5194,2
6401,2
4337,1
8295,3
608,1
9368,2
1184,3
8283,1
3423,3
9024,3
3229,1
3772,2
2574,3
4576,3
1029,2
9517,2
6310,2
8154,2
7845,2
8695,1
4748,1
5777,2
8433,2
6618,3
4695,1
7952,2
3374,1
5158,1
9051,3
1293,1
9562,3
4421,1
1526,2
9690,2
4122,2
3703,3
3818,1
4952,3
7702,2
7443,1
4771,1
8841,1
7311,3
2459,3
8263,2
7561,3
8079,3
4428,2
2224,2
6400,1
8294,1
6184,1
3847,3
1414,2
2179,1
9345,2
8624,2
9825,3
9378,1
6156,2
1984,1
6716,2
7572,1
9601,1
4476,1
7946,1
7430,3
3128,1
6719,3
1976,1
5498,3
2929,1
8001,2
9126,3
8086,2
5469,3
4545,2
1433,1
3945,3
4336,2
2877,3
8198,1
6460,2
9795,2
1871,2
2379,2
3058,3
6968,2
8954,1
9442,3
6732,2
3732,1
8464,1
7469,3
9235,2
83,3
3040,3
67,2
5804,2
5334,3
4422,3
2914,3
9758,1
5748,2
3801,2
6374,1
3260,2
8495,3
4778,1
3484,1
9132,1
3223,3
3402,1
3793,3
3004,2
6778,3
6548,3
2561,3
1999,1
299,1
1708,1
9844,2
8592,3
7461,2
3334,2
1465,3
4373,2
5868,3
9383,1
943,2
1061,3
3006,2
9170,2
802,1
8415,2
2313,2
9276,2
2568,3
1037,3
5801,3
2025,1
8089,3
627,1
1181,3
3244,3
4129,2
7723,2
8434,3
5114,3
6664,3
9865,1
8829,3
2027,1
9544,3
2669,2
3388,2
6191,2
6514,2
7121,3
5417,2
1025,2
575,2
141,3
2485,1
949,3
9639,3
3960,3
2791,2
3661,3
5779,1
2718,3
96,3
7621,2
453,1
6749,1
557,3
9924,3
4528,3
9060,3
6019,1
5996,1
4254,1
6611,1
2721,2
3687,3
7460,1
7562,1
7670,1
5652,1
9745,3
545,1
599,2
2866,1
524,2
9190,1
1432,2
9482,2
7708,2
7211,1
2819,3
2114,1
6661,1
3832,1
2997,1
1628,3
52,2
8712,2
7394,3
381,1
8057,2
5785,3
8132,3
6636,2
2999,2
3290,1
1681,1
8311,3
6048,3
9668,1
4907,1
6263,3
9732,2
4146,3
4413,3
1009,1
9285,2
6980,2
6428,3
4104,2
579,1
4107,2
520,2
8162,3
5304,2
5395,1
6789,2
1446,1
1083,2
4722,2
3788,1
4045,1
2231,3
803,3
3005,3
8596,1
1910,2
3379,3
3452,1
616,3
993,2
7182,1
6632,1
829,2
7360,2
9161,3
7087,2
9344,1
7153,2
8765,2
2657,2
6405,3
578,3
38,2
582,1
9709,1
9335,3
9536,1
6144,2
8805,1
2015,1
9039,2
40,2
6836,1
6801,3
5717,3
1752,1
5419,2
4670,1
3895,2
8024,1
9604,2
6450,2
5244,2
6437,2
8190,3
4751,1
4304,2
2554,1
3503,1
6783,2
1344,1
682,2
343,2
6347,3
2045,1
5381,2
4483,3
9405,1
8500,2
7891,2
4550,1
488,2
9200,1
2816,1
8118,3
3953,2
9749,1
6055,3
1036,1
5252,1
1109,3
2447,2
1606,2
8218,3
4923,1
792,3
1693,2
2170,3
5574,3
1226,3
3104,2
9513,2
8396,2
7095,1
4338,1
2302,3
708,3
3798,2
737,1
4286,2
5903,2
3156,2
9731,2
3259,1
6644,1
3417,2
4860,3
3969,2
4228,3
5372,3
2734,2
8895,1
3216,1
2615,2
8012,1
4412,1
4541,1
9609,2
6162,1
5293,3
4659,3
3080,2
1994,2
3540,2
4997,2
4988,1
4893,3
4531,2
7019,3
9280,3
7516,2
7253,2
450,2
5192,1
9432,2
2945,3
6249,3
7148,1
1848,2
5242,3
5528,1
560,1
1985,1
926,2
6678,3
4515,1
6075,2
1550,1
4948,3
2436,1
5181,2
8210,2
7553,2
5901,2
2281,1
5557,2
7229,1
8593,3
7445,1
6894,3
9346,3
7318,2
1710,1
2253,3
1998,3
3523,1
4223,2
1565,1
9974,3
9385,3
693,1
6043,2
3239,3
2564,3
4691,2
3297,2
8319,2
4979,1
9976,1
5041,3
252,2
1649,3
332,3
7850,1
7916,2
5398,1
720,2
3359,3
3754,2
2468,3
7160,1
7573,3
2536,1
9894,1
7470,1
1996,2
749,3
2865,2
5710,1
7392,3
1049,1
676,2
4986,1
4972,1
149,1
5348,2
6970,1
8973,1
7526,2
1366,2
6351,2
5260,3
95,1
4817,1
3091,1
6842,1
6103,3
35,1
4814,3
8389,2
7373,2
2932,1
5283,3
3654,3
1849,1
8106,2
6101,2
255,3
4006,1
7213,2
1707,2
2529,3
753,1
212,3
1900,2
8491,2
1653,2
7838,2
4284,1
1778,1
9293,1
6297,2
8905,1
8746,3
2462,3
5625,2
7498,3
5968,1
5664,3
9759,2
7021,2
5566,1
788,3
203,3
1527,3
7583,2
2321,3
6084,1
2012,3
9590,1
3892,3
325,3
5592,3
2337,2
8754,1
9437,3
123,3
6724,2
2780,3
6111,3
3397,1
4189,3
2586,3
112,1
5450,3
6571,2
873,3
1960,1
940,1
7582,1
7288,3
3358,2
884,1
2901,3
378,1
9951,1
3450,2
4653,1
3147,3
1685,3
3625,2
885,1
6583,3
7948,3
3022,3
4166,2
8232,1
8859,2
1005,2
2271,2
9467,2
1354,2
294,1
1364,3
7478,1
6984,1
4525,3
8690,3
3808,2
5696,1
6794,2
867,1
8571,2
9243,1
5554,2
9802,2
427,1
2942,3
4083,2
9843,1
999,1
9018,2
9853,2
9614,1
7956,3
1547,2
9897,3
6784,3
5998,2
1686,3
9388,1
7300,1
9278,3
6760,2
7415,2
4086,1
8373,3
3884,2
7203,3
4094,3
2138,3
4145,3
9986,1
6484,1
9985,2
7772,3
132,3
3493,1
9671,3
2414,2
7716,1
5703,3
2431,2
2412,3
3836,3
717,2
6992,2
4895,2
9011,3
5296,3
2726,1
2983,3
5806,1
972,3
640,3
7132,1
5002,3
3613,1
8358,2
5702,1
9154,3
6394,2
5261,1
7140,3
4658,3
2886,2
3467,1
7078,2
4738,1
4151,1
1711,2
8577,1
8244,3
3704,2
1075,2
7666,3
37,3
4652,1
8385,2
4321,3
3564,1
5709,1
8300,2
1790,1
3042,3
4530,3
2545,2
9673,1
5071,3
7404,2
2206,3
2705,3
3425,2
2386,2
262,3
5970,3
9783,3
3148,2
6960,3
1874,2
2662,3
3639,3
738,3
8827,2
5297,3
2795,2
9485,1
1635,1
9922,2
8359,1
9717,1
9160,1
944,2
4205,3
4099,2
3975,2
994,2
7164,2
3178,3
9883,3
1876,2
2965,2
5022,1
3276,1
1772,2
2820,2
3321,2
8854,2
3106,2
9079,3
7446,1
1545,1
5812,2
1041,3
1715,1
754,1
5307,1
6975,1
781,3
9234,2
9727,2
2925,1
4958,1
1370,2
623,1
1403,2
6507,1
2116,1
3621,1
1209,2
3384,1
7635,3
2962,2
4735,1
3784,2
612,3
2712,1
4053,2
6617,2
938,3
1506,1
8710,2
1369,2
533,1
107,3
6721,1
6913,1
4322,3
4511,3
3578,2
8853,3
4161,3
1031,3
2902,2
881,1
9326,3
3134,2
644,2
4957,2
5428,1
8595,3
3748,1
5593,2
3646,3
3071,1
8406,1
8341,2
5215,2
9617,1
8238,3
9842,3
8830,3
5059,1
7822,1
1309,1
2464,3
2673,3
6897,1
2917,3
9211,3
3683,2
4342,1
2494,3
11,2
564,2
7379,2
8781,1
8226,3
4682,3
2040,3
3199,3
6147,3
8700,1
9168,3
6957,3
8512,1
5147,1
2831,1
7208,3
9907,1
4029,3
1381,1
6775,2
7729,3
3812,1
5881,1
146,2
460,1
6848,2
8701,3
8795,2
4699,3
4780,2
2351,3
7933,1
1553,1
9720,3
7184,3
8387,3
3053,3
1614,2
4120,3
3557,3
5979,2
3155,2
7599,1
1657,2
864,1
54,3
959,2
4839,1
5316,3
8503,1
7419,2
2790,1
2548,3
6461,1
5553,2
2861,3
459,1
5580,2
5946,1
5993,2
7025,2
5089,3
124,2
1345,1
7328,3
7047,2
9662,2
289,3
5451,1
4990,1
2896,2
2701,1
2538,2
9348,1
8600,2
3538,1
622,1
6264,3
3562,1
9495,1
8020,2
8871,1
5890,3
4694,2
187,2
3190,1
5394,1
7044,3
3981,1
3549,3
7522,2
8547,2
1343,1
5855,1
866,1
4969,3
3781,2
8112,3
248,3
6386,1
9982,1
7018,1
3887,2
2018,3
3311,1
7940,2
4375,2
3180,3
765,3
374,2
9073,1
5231,3
5927,1
3747,1
4226,1
9217,3
8759,3
5985,1
9957,3
631,3
7812,3
858,2
1190,1
5298,3
7155,3
3398,1
989,2
7579,3
4698,3
2800,1
6116,2
3758,3
1745,1
5772,1
211,2
4783,1
7780,2
1008,1
1658,1
8552,3
7978,3
8657,3
7156,1
4203,1
2778,2
2814,1
3911,2
5355,1
8727,3
3408,1
3351,2
17,2
759,3
2677,1
3225,1
2377,3
7336,1
9061,3
7429,2
4791,1
8184,1
278,1
5186,3
1407,1
5313,2
1591,1
8391,3
7627,3
8739,2
3576,3
7836,2
6589,3
2988,2
5789,1
243,2
8529,1
2794,2
1908,3
6967,1
1450,3
4090,1
8915,2
2275,1
9072,2
679,2
9477,2
3730,2
2889,3
4657,2
9663,1
9216,1
3036,1
1485,3
7828,2
6215,3
4023,3
3283,1
5341,2
4916,1
2070,3
7317,1
7410,3
5284,2
9798,3
1698,2
2782,3
6546,3
4327,1
7519,2
42,3
1493,2
6341,3
2938,3
8864,2
5005,3
7610,2
4233,1
656,3
8139,2
1808,2
914,1
4070,2
9678,2
9406,3
6553,3
5660,1
8932,1
3643,3
1916,2
6296,1
7709,3
672,1
5232,2
8312,3
9150,2
8102,3
7895,1
9450,2
2006,1
1023,3
1186,2
7497,1
3642,1
6799,3
3697,1
3018,3
8741,3
8339,1
1879,1
6620,1
7386,3
4154,3
6007,3
5009,2
284,3
6022,1
3693,3
4848,3