9199
7699
8227
2792
4381
4270
2211
4114
5416
4403
686
2092
2239
5176
9423
6095
9545
5537
7182
4818
4875
9971
9906
2187
4875
4541
1600
2232
7595
6439
8896
443
6752
7741
2183
1090
7350
1008
3623
8361
1920
3168
5444
4597
8028
6998
7868
9179
2780
106
9015
7500
617
923
423
660
3470
2952
2038
2528
141
3804
3616
4468
3991
6199
7145
6807
9453
8796
5577
4006
390
5847
2813
896
3950
4468
978
2166
7640
7637
179
1670
9607
7387
6651
9233
8897
6748
4598
8069
1435
9792
4506
3316
2355
493
1154
7790
5527
3205
2648
4195
5516
8600
9768
6279
5912
2640
8926
9515
9372
7933
2033
9532
7187
3487
4532
5775
9274
4324
9135
4030
5140
9461
4647
3672
3652
3788
6937
8042
2108
3659
5274
599
8410
8896
699
6264
2041
2692
80
9675
7624
7841
3408
2114
1365
4402
2909
4404
9507
9531
4656
4419
1169
6650
2130
1034
1897
3456
126
3032
8388
4904
3454
5316
1373
6893
7464
8709
314
3521
9278
6630
5105
552
3383
1461
5050
4253
9698
5286
5081
2409
7176
7144
7100
9400
8502
248
2787
2897
6343
8342
1746
4687
7213
992
8246
9025
7835
7814
2121
6223
7790
7112
8926
4012
3767
8931
3108
2151
2900
230
3465
2532
6112
9532
9949
2069
456
3946
7588
2326
2005
3182
6934
1740
5932
3190
517
535
9851
1312
9934
7556
9515
4440
5612
4295
8999
8848
2130
753
8942
8798
2012
8780
423
8365
1435
1908
6839
246
4760
4716
3991
5679
4502
1461
9880
9817
6780
7954
8576
6148
3310
6315
3317
6019
6816
4030
383
513
4303
8837
1714
5602
220
2647
6808
3591
7843
3209
4710
159
7615
2417
4715
4237
9430
3016
7126
8713
5230
8745
7697
2627
1221
6356
3567
2391
439
3027
7168
4984
9693
7530
6650
3911
5847
2248
4376
8328
635
9386
2770
9196
705
9123
8387
5480
19
6728
4128
1675
6684
7423
1586
1592
4281
5725
6684
3832
3188
5047
2631
5309
1675
528
3591
3729
1154
3832
4698
965
151
8014
5274
7918
1211
1346
6274
7105
7616
2397
6191
7305
6889
9149
5935
3660
2640
5992
8426
7363
9941
196
3832
4203
965
5474
4258
6828
6937
1626
9345
3021
2698
1451
2759
828
599
9434
502
7204
3511
3210
9406
9917
98
4134
7008
5376
8600
7835
9296
6738
8905
60
5711
148
5086
7921
2519
7259
5367
7588
4760
8326
1144
4639
8125
8190
9546
6863
7643
491
7500
5985
6599
677
1800
7945
7843
1493
8583
6264
6526
9423
4613
8774
1492
6480
8375
4472
7137
8891
4934
4166
7395
7605
7622
5271
9083
7814
4168
2939
8194
1551
479
9208
9440
2585
891
2599
9125
7034
9632
651
60
804
2
3396
2759
2505
4320
8005
1346
5645
5207
2420
6599
1581
7641
9443
7570
4932
3025
8928
375
2393
5491
9373
5292
1744
3370
2380
3968
1841
3198
7791
7056
2825
306
3797
5079
3025
2114
4656
6525
9210
6356
9954
5081
8930
7025
4499
7058
2254
7905
818
5932
9785
8906
6546
1852
7381
6544
6935
3008
174
8227
7630
9033
9364
6727
4934
3252
3456
1593
4819
1593
3457
6160
3825
3909
9716
8677
3108
3856
9208
677
6728
4627
3207
3598
3974
5573
2478
551
7878
5106
7622
8530
2074
9241
3569
7244
2566
3470
7998
7718
6620
6034
9966
4895
6655
7401
9066
5686
7574
5540
5344
6232
564
5350
7540
6991
2770
2294
2584
9974
9517
7880
4044
5653
5927
332
6581
3031
6515
220
7791
782
8116
9539
6775
7685
6153
1655
6223
2884
6005
9308
3631
1421
4847
6245
862
6965
3379
5631
3605
223
128
5516
6395
5285
9978
923
2020
6635
5193
9015
1346
9027
9254
8601
3485
1819
2759
317
2367
1461
151
4382
1819
9453
3286
7160
8467
7501
9697
8576
3112
7165
6559
8677
6771
8359
9141
5569
8555
1416
6366
551
3316
5952
9582
6116
2668
3031
828
4787
816
3268
3788
1746
9656
1659
4075
3612
5450
2519
1255
5698
3895
8186
695
3992
6533
6747
7998
7905
3163
9199
1799
3182
5620
796
5486
7603
5305
6279
5076
8052
9978
1927
1863
7419
3572
2177
3521
1048
1856
4451
2168
9377
3667
5592
7952
5011
1523
9582
6807
5456
9792
6448
8511
4701
7841
3308
6434
4019
3887
9223
804
5569
282
2187
151
2708
4136
1229
9989
3370
9669
142
1620
4663
7933
30
4817
5432
7019
6334
2019
9956
7088
2928
675
3977
7603
1136
6266
1773
1582
5688
6712
8698
1099
6237
3635
1493
8281
2585
3793
6651
6125
8080
7914
9278
3567
6199
2402
4740
1272
3521
2206
9562
5806
4752
3007
8071
2328
3408
2805
1243
6641
4077
3848
6889
6655
8542
511
2930
1833
2328
7892
3712
8940
3025
1887
3514
7140
6181
6848
8138
9710
4168
1471
357
9967
8172
6811
2763
5831
3237
4172
707
4098
6614
8002
5163
9619
3718
8071
7896
4098
104
983
5411
9051
7007
7508
2326
447
3663
971
3866
4860
3416
9652
5421
3435
2914
1817
7634
5490
1216
8539
2918
5594
9082
8227
9423
5323
6344
5740
8667
4936
2151
4451
6979
3260
3316
7927
3968
6848
1728
9430
8569
32
386
7529
7164
9300
8188
7288
9718
179
2854
6556
4346
6932
4816
9837
535
9795
3957
3159
9290
5688
2514
5081
998
121
9165
2407
3130
8519
9069
3529
805
9675
701
1754
9697
7814
4285
1751
1828
1216
7638
2546
5438
9777
8725
5456
5620
9531
7461
7480
4326
5752
6407
796
3487
8891
1137
1189
5444
452
6653
8710
2273
3159
6681
5076
9127
8661
3470
2613
2141
7061
80
5523
9281
9971
8641
2566
9383
1099
6172
4478
279
7613
5699
1654
6771
5039
4320
1323
6667
8999
6667
5194
5421
8897
5157
9196
3249
4588
6180
935
5977
7603
1455
7058
1122
3168
5394
9752
3670
6813
6266
396
3414
8217
9973
5350
1602
5193
5465
8444
4687
5322
2599
3789
4910
9083
1960
5070
1613
9877
9386
7501
2402
770
196
5327
2837
6031
5927
5432
2539
3210
1266
46
7125
4323
6593
2596
8569
8912
5052
9123
8573
2647
1272
9296
5516
4716
862
1272
4375
3623
7482
8573
3437
5129
8192
1607
3736
8213
6509
935
1930
6034
2850
4874
3249
9244
7125
1943
5205
5717
6536
6395
7901
2273
3128
5163
661
6937
3669
1428
1564
99
3636
9434
9033
4468
6180
2677
7952
7249
5050
5939
6396
9355
1100
7202
7513
165
2320
7641
7026
4766
2397
6461
5200
3612
3757
2137
8837
6445
7674
2232
8326
1000
4740
601
926
8536
159
9416
8954
9513
354
6245
3996
7790
7968
8042
1428
6934
8928
1240
6295
9166
2482
6474
971
5608
8225
7160
5066
418
3098
705
660
4096
4084
4361
8641
4875
8438
4740
4131
5842
2622
1737
6046
8601
4210
5157
8156
8909
7483
8555
3437
4698
6893
4932
8372
7208
1730
1912
443
564
3533
9842
3625
1787
7419
1421
3391
4056
1167
7773
423
7243
6412
7007
4164
4646
442
3352
6766
5316
6032
3962
4847
7058
1655
8931
3625
308
6657
3506
5026
9219
6775
6017
4598
3032
8074
1311
4270
9378
7540
6572
9966
2574
605
9383
7389
8426
7469
6520
3237
6063
4277
6329
8884
1368
4780
7962
3406
7196
4432
3667
2673
1930
513
7320
9603
6358
1114
7587
8695
1960
1657
4966
1593
3716
7389
9958
9657
4925
8573
9456
2447
568
5101
7925
707
7622
5459
8924
9210
2624
5752
3663
486
4836
6448
9478
4793
2836
8213
6613
6544
6811
1223
6090
9649
3503
5699
2336
6465
3911
6471
1817
1947
5156
4610
7612
1465
6262
6716
5571
7595
1927
6020
1941
5662
6819
8518
8000
6188
1000
8796
4946
901
9902
9302
210
4184
7613
8961
137
923
7006
7835
9427
6651
8479
48
3411
2479
4742
8309
6366
5935
7856
6622
3147
1064
6237
3797
4860
194
9810
3008
5376
6848
7982
3170
3027
9752
3625
5101
9851
1690
7026
7945
6181
474
7259
7448
3585
5421
7510
9590
5695
9335
6883
9657
2900
2585
3256
1852
3279
7342
32
5166
8307
2917
3503
3352
2733
3550
5688
699
4710
5698
2220
5316
5128
8408
605
1167
6931
4188
2787
4293
528
8018
67
5631
6396
5976
7896
2294
4016
279
6407
5602
9880
412
6014
9551
7880
2520
9020
677
2743
1424
8071
9030
4375
3789
4736
5372
4098
9056
9372
5227
3237
2966
1582
4929
6979
7909
3495
2622
6237
8663
2952
9208
1817
5216
7860
1592
9795
4387
6843
1930
7849
3736
2505
9961
4663
9123
4447
121
3973
6487
1619
1784
1369
333
7144
2480
354
4255
2457
9161
8770
6001
442
7101
5523
8817
9027
3293
1967
3163
3475
1026
7213
3667
2570
3286
5537
1941
2185
9403
8704
1000
6747
9515
998
6764
6045
2924
2574
8314
8916
7033
4402
6122
9254
2668
559
9510
4818
8116
5520
1746
9199
6045
1312
1223
9456
2270
9855
3128
9918
5381
2766
9619
7375
1912
8535
5775
3268
6839
9852
7989
1137
8515
9416
6409
6461
3635
282
1373
165
2457
5047
8324
4224
7007
9733
8466
6106
8710
3948
78
8600
1365
5294
1391
4303
9125
7756
1052
4627
3966
3598
5113
1057
7954
4808
6775
9589
6752
3183
506
5444
4581
1361
42
9345
2935
7946
2654
4816
2668
6112
334
3044
2897
6243
7168
2509
8314
7501
8929
1719
2461
1699
6793
4421
9883
548
3866
1079
1815
2846
6518
5066
2108
4030
8250
6068
8019
3572
7817
4787
3950
6681
4478
5305
621
6931
1887
4234
4012
8679
5915
103
1676
8672
5976
4152
4969
1857
7486
6231
7190
6871
4114
1064
4136
5216
1100
1686
3867
5588
7641
5571
7673
6738
6344
2831
7856
2846
9617
6676
4954
4842
4222
8365
7634
1077
1967
7127
4712
6329
7006
6199
5723
4324
2693
7905
742
3948
7580
4406
8218
1887
5523
2420
2032
4588
4966
8891
3869
6280
9589
9551
4360
9400
1206
1967
6572
144
8905
1592
3389
5573
6186
5070
5557
782
3475
9190
3221
5683
3858
8790
7056
4756
6329
3895
3706
1833
3161
9713
2573
4284
3936
6208
3962
6494
3881
8080
201
2480
9656
5725
5655
3726
6819
1897
2186
2187
9634
3911
1676
5645
8929
8954
812
2005
802
2811
3763
3752
3170
9066
5662
8807
7602
1361
8032
3016
3103
6239
2924
8677
7461
4912
8648
6727
3393
7625
9701
1275
4025
5129
8479
5908
5380
747
5894
7861
3652
3867
4529
5437
9116
7660
3623
1165
8458
3108
6141
7474
4974
9096
5438
4777
1941
2780
6337
7602
1243
3128
9030
8817
8940
4164
7616
8878
9059
3506
2672
6593
3207
1737
4324
4672
9278
7445
2928
1719
6480
3260
6068
4006
5153
3389
1191
7625
8002
2631
5754
1965
1392
6816
1087
1514
7251
7676
2477
2092
2479
5699
6389
6593
3979
9546
8458
3564
5757
4403
2714
8363
3049
3591
3015
9905
6095
1184
1048
3598
6412
8309
8312
3279
5729
1114
333
6905
7469
4581
6005
1220
5602
8678
9149
7968
9567
9808
4184
5864
8569
7756
2738
4604
4664
3700
264
4321
1799
4556
7249
6100
8943
9291
4639
3265
517
5465
4527
6686
1581
9701
452
7019
7289
2616
8388
868
6487
4874
5367
2769
4293
1086
206
1003
9785
8159
2092
1774
1761
6525
7560
6780
521
2831
606
745
9989
7474
2320
6518
2405
4200
1514
8208
4134
7693
7019
1243
9149
5002
7363
3556
3716
6045
5409
3454
6148
1586
6525
818
3188
8898
4346
502
5744
1863
3991
5943
7886
8519
5380
390
5411
6231
9095
6170
5616
6766
8837
3770
2023
1782
5087
5608
4406
9906
8483
3729
3659
9715
2357
3634
9669
8218
5594
1775
3771
1904
2996
9254
9839
9400
8840
9386
8658
6780
2328
614
8667
9280
3973
2900
266
479
4662
9842
1738
6461
2469
5026
6811
7486
9095
1095
7187
5897
1870
3745
6587
9820
7926
166
4666
6484
6276
8472
7560
6574
2477
159
2206
2451
4978
9281
6279
618
6274
2451
6484
7587
1626
1800
4196
3678
983
9510
6290
5997
1740
9956
4647
8798
2634
5501
9812
9619
6993
5087
3308
4114
8678
4200
4579
6667
6387
742
6042
8840
3825
2854
8714
5677
1575
8660
4075
2918
1782
9196
2461
6979
8564
891
7647
5900
9308
8813
3569
1240
5623
168
2211
1781
3249
2837
9902
9731
6580
6793
2748
9983
551
3048
6710
3268
2855
7069
7251
5675
963
1280
8214
8268
1605
8125
8282
1206
614
8628
8309
9498
2146
6218
5306
2974
6867
8977
9966
1654
50
4904
3996
9021
8443
5438
2121
5032
9096
535
8250
5207
742
2996
1043
7372
9390
4421
9357
1428
7178
4392
816
3992
1781
6797
6588
745
6752
3649
2471
3475
3881
8658
8263
5645
491
6085
3137
227
7074
1026
4994
6556
4389
643
2935
8297
3393
2393
8912
4346
8538
2572
8190
28
8676
4684
196
9571
4672
6620
680
4612
5619
2708
7401
5200
8624
2012
7663
6245
6090
6716
6488
7125
1981
599
1946
2827
8644
4285
7741
9478
850
306
4904
3007
7616
3408
1828
6798
7451
7380
9440
8518
6574
3660
4085
4978
334
4722
9539
738
621
7025
2813
9757
9820
9114
9244
2141
3393
6092
8977
9357
8992
4044
2825
8250
8466
7625
7008
7122
99
5194
9712
606
564
6813
926
4255
3649
3678
6191
6431
2039
126
4012
5140
4404
5302
4530
3263
4195
2918
5220
8647
2714
5675
5731
128
3037
1421
4910
7451
8770
4443
4499
9745
4725
6599
7115
5740
2692
129
9059
565
9941
635
2137
5327
2461
7232
5432
6572
439
6588
963
8881
8116
1026
5350
8635
4553
4730
2214
9999
7208
4376
9016
2124
8012
5772
6570
5686
4389
7647
2770
9049
5087
3506
513
9712
5370
166
1828
1222
1936
8296
3048
9905
7630
8663
5517
2702
7122
6755
1283
1514
816
331
7390
4662
8159
7443
2853
7817
9618
5409
8255
8314
7478
4208
9303
9513
6208
6474
3251
2613
3435
7378
4597
8171
3190
7585
3906
9777
1132
7205
8695
8074
8889
7088
605
1620
3430
8935
2627
1554
1620
8418
6515
352
9456
7025
559
1815
2042
661
5309
850
1008
4603
8255
3454
5176
5653
3763
8961
656
3435
6843
168
8042
4210
2326
4443
5638
4025
9020
1064
1257
1465
5540
6748
6867
5831
2139
1600
1602
1714
5676
3451
1856
2417
1784
4992
2785
6141
486
314
5573
7436
2405
155
2622
9179
8244
2069
390
7364
1228
7461
978
9059
5035
4644
8012
331
8678
6754
6832
5850
3927
4786
971
129
1613
5662
6389
5123
4925
9291
9076
2176
5016
2138
2041
6607
9760
9025
8069
5807
4644
9412
4720
7942
7202
7634
7486
456
282
2693
5008
4421
9119
794
4077
1392
8322
2478
2532
5711
5740
46
7754
3464
5623
3869
3416
9338
8948
5775
5039
9383
375
7921
8410
3137
1165
5292
1506
3712
9179
1003
891
3528
28
2254
3962
8502
5066
2714
6092
9983
9300
2648
2418
1863
2977
5380
1654
8398
8770
6965
8709
1596
9546
1548
6620
7056
7286
8827
9276
8466
3660
8170
4543
974
1872
4816
4910
7860
4997
3434
8431
1602
6447
9716
6575
4720
2636
7164
4131
4969
552
4823
8575
2967
4604
60
9603
1253
5486
2254
8214
5156
3027
963
1690
2624
5394
6170
9391
9291
3528
1012
9241
213
7643
819
4172
2282
5850
7482
3804
4969
805
4722
3678
745
9236
983
660
2855
5302
4258
67
3652
4604
156
3692
8898
7754
3007
2336
8410
1311
8414
8122
2040
4107
4841
463
8363
6892
5540
2294
8511
5842
7827
137
9112
4336
9025
4361
5239
5128
9243
2074
5207
870
227
7697
3974
6407
9145
4646
30
9868
8951
6366
6181
6487
8512
6544
7802
904
3147
5520
8019
2782
2479
1189
4234
8931
264
4823
5050
4361
7587
9958
8566
2480
5172
6440
2146
4511
1775
1096
8414
2793
4303
9141
3302
3767
3309
2168
2114
3768
7419
4452
3172
1575
5865
4295
1615
8644
2102
7638
3529
1191
6816
1216
7693
1003
3547
9877
2572
5216
8438
3992
3264
9774
865
2007
8312
6958
1674
9379
1416
3360
8725
5106
7390
2185
9112
7483
4936
1815
8916
2366
4752
3317
142
3793
4402
1090
9775
1582
886
8478
2280
6839
4131
6754
2782
2020
1728
8926
5997
9461
4200
4310
1581
8363
2853
4283
9718
8906
9484
6877
2708
1709
8818
6832
1740
8426
6573
4595
8624
2550
2719
2433
5168
3168
8000
2166
6804
6680
9517
4353
2023
1827
8324
1761
8133
9049
8935
1470
3616
6641
2323
1211
7114
3906
6546
9193
9106
2012
8002
819
8807
2514
2733
4760
2673
6111
707
8884
3490
4382
8159
9590
6726
3247
1787
1667
491
4725
2248
2631
1659
7482
5848
6474
1904
8414
5189
6360
5163
1079
6296
9133
6713
2039
9229
4188
8714
9537
4327
3037
4224
1095
7741
5711
725
7954
5394
4310
9973
1893
7137
7144
1222
9767
8194
7259
6085
4698
2280
3239
821
3383
7190
6218
9430
6453
4447
1029
4853
8714
3917
2402
3556
7773
794
8307
9373
2447
8542
4406
8125
1052
5437
1355
7892
4360
3635
8422
8398
2584
5899
5757
5326
724
8929
1266
7698
6863
1137
6747
8073
2650
9712
3252
6207
3414
3752
9600
2477
1567
1219
3182
1615
4808
996
6793
1605
6238
4196
6046
9478
4580
123
2519
3723
8307
5729
5370
98
5631
1895
3712
7836
6409
6467
7445
7469
8069
8467
4096
4997
5157
3768
6614
3144
6453
6116
9141
9669
8512
5557
8479
4284
4939
2244
248
1750
8945
4588
4717
6471
2417
3757
6085
3542
2350
7756
2797
4075
6238
4793
7289
3021
5062
1391
2627
2391
2693
5251
2033
8171
1799
2073
7868
1936
9089
3646
818
1784
8359
112
5016
3877
4506
9716
9335
8263
511
3896
901
5827
1523
4392
4954
9468
478
7126
1681
3634
7500
2001
9089
5018
7401
1548
1853
3254
9582
4595
4448
4253
8032
1893
6998
1114
699
5311
2405
8214
6019
7942
8190
8709
6573
5018
4610
7508
2634
8530
8897
6434
30
4084
6932
1626
9590
7817
844
2520
3360
4164
5559
9956
7679
3172
7868
9675
1895
4717
7637
5400
8152
8438
6808
9069
9989
7127
5731
6843
4793
1596
4581
8536
3917
376
2020
9197
2605
7213
5367
2850
4506
7781
5557
7732
9095
1440
6439
6342
7190
7856
5501
5608
3569
1471
2436
4720
5002
2244
2640
463
5720
9468
8208
7637
321
3451
5269
8073
6317
1676
8272
6491
6014
661
9495
123
8342
5509
1470
9517
3895
5478
8117
5172
6764
8170
6885
6676
8013
2520
2141
9390
3927
2176
730
8900
1368
2005
1136
5935
4258
2844
1897
7989
2854
1781
7479
5039
5993
7154
6172
6863
1211
6570
7395
8663
794
5416
306
3771
9842
5744
1600
1752
3624
5194
568
6112
8138
3757
3360
4210
4172
7615
3247
6447
6727
6182
2876
317
3975
5306
5227
4316
4326
978
5228
5717
7392
3170
8624
156
565
3768
8542
2935
502
1719
9049
11
7479
9190
8530
7693
2855
6439
6536
8172
8704
9973
1470
1667
4310
2001
6219
4472
8388
1629
3634
1548
6788
4710
2482
6001
9808
2102
5251
8961
4836
2654
3068
5948
7354
9066
3736
6334
1795
1657
4815
6786
8217
2001
67
210
9335
8755
5530
965
4725
5807
1868
5370
223
8028
9197
6342
2352
5984
8587
8342
6958
7643
2282
5042
4954
1607
4099
3049
6935
1774
5530
7768
686
7460
878
3529
2572
5193
2121
4099
2391
4246
5002
3319
472
6559
8908
521
7574
5676
8036
8725
6781
6546
3308
125
1737
899
6415
213
2083
9777
7288
8049
9883
9219
3416
128
6798
3554
8905
4327
2007
5205
4024
7350
10
7363
1895
1136
4415
8483
6264
8842
5717
9357
643
6798
858
7638
8906
8648
9954
2102
6186
5271
4543
9412
4974
7202
1965
2091
106
7510
6491
3849
4284
9982
8431
5632
8171
6290
5322
5271
6276
9468
3230
9030
1754
5035
1033
9545
2568
8387
2909
103
35
7896
9617
1465
1154
9760
2733
6017
4874
7827
9652
4836
2599
1776
5655
264
2831
4619
959
4777
472
5309
681
3451
8312
9165
585
1775
6797
4580
6748
1564
6646
3021
5286
6767
8246
9377
50
6669
5003
4978
4730
2355
9412
7278
3031
392
4950
9698
2183
4833
5864
5517
4684
6588
2476
1365
819
7493
9274
7436
1455
7945
2884
8878
3209
3849
2505
8807
10
8049
5976
4997
6728
7640
6063
3852
5292
534
7657
8172
447
6767
9942
457
8152
9785
7196
8322
7878
7732
1619
8386
7773
4043
3723
6232
2574
3016
7673
521
9471
7034
4934
5592
935
3209
5571
5951
6274
3344
9495
5912
9161
8819
6116
5042
5491
9918
5052
1219
3663
7464
5827
9051
7602
2238
4994
9820
4024
4912
5212
2471
3183
1220
1529
3495
2166
6932
4320
4994
5820
5731
7474
1523
5201
3745
4939
2355
2348
4056
9033
5008
3745
4285
6019
7460
5679
6218
7697
6574
8411
9163
3849
9119
8431
2130
5016
7154
4208
9954
7836
8324
1033
8074
8443
2482
6575
1506
9745
6409
8192
412
7137
8780
4159
5509
7462
1611
691
5725
383
2393
7162
5450
9229
7640
6942
1856
1165
4478
4006
7605
6208
4946
1554
8555
6635
7718
5308
5322
6788
3767
3547
5686
1144
1008
6334
4389
2509
7754
1971
6125
2330
9958
4906
9603
3533
4056
7243
1870
5943
6738
385
4502
4316
7685
7375
2914
7026
474
8186
3906
9806
2567
7191
651
3515
3159
5372
6360
4613
9600
9828
6491
4168
5746
7595
3564
3279
8186
6223
6122
6581
1805
517
1604
6100
7663
2220
8951
789
4448
5592
555
7766
2996
9567
9974
3710
6883
8689
7892
8842
5376
9015
8249
5501
651
4392
6395
6754
8130
511
1893
2763
8979
1824
548
2282
3190
2186
4595
5978
1730
9760
2570
6702
7115
6819
4736
7448
1058
9089
7378
4529
804
796
7920
1681
3254
4728
9051
2753
121
6877
4895
9364
1690
7560
4912
6622
6471
7445
1355
2239
2244
2004
7305
42
2139
2569
4128
144
4530
3301
9165
9127
2356
8698
400
8282
3310
9949
6445
6262
7381
5927
3575
606
5537
5569
5948
2182
680
1981
9649
7660
3265
9233
6032
1083
2125
4040
3718
9852
8217
9852
6440
5465
6182
1361
937
6877
1554
5486
9880
5694
2362
1339
9652
179
1594
6998
6716
8943
4255
2356
8518
6185
8640
7178
4134
5101
9617
5306
2952
6412
8840
6042
5161
3631
3763
5086
6509
828
478
6296
2280
9272
870
7423
7008
3199
5848
1225
6767
6191
3533
8928
9434
4612
6389
8944
1943
9355
9046
2584
1144
3256
32
5323
137
1132
2451
7154
125
5683
6356
4939
3856
738
1710
431
3263
1043
9161
5311
6820
7375
6743
6924
5266
165
7034
1312
9996
7101
418
6669
724
6488
5128
5400
4640
9961
2568
4626
5807
4177
8282
5437
7221
9851
869
2091
8130
5035
439
1220
104
2273
8798
4556
9032
5456
7196
3310
2677
123
321
3800
7372
1096
8658
2206
5076
5236
9961
103
7886
1655
227
4529
3317
2330
144
2320
5409
6440
8386
6148
8710
9897
9600
5655
220
4281
2447
1033
8515
5220
3550
8661
5678
2692
399
8322
2532
926
9125
8536
1435
9020
3880
8422
2611
2568
3352
1927
2186
8587
9710
8208
3950
1493
4619
3550
2678
1184
3414
9403
9243
2038
6892
2836
6344
5228
126
3669
9649
3456
8566
9630
7389
2367
9551