9649
7602
9741
3504
8514
7268
8715
1724
6746
5198
8237
9662
4037
7081
6229
4078
9378
9038
4196
1815
6292
9070
9473
6069
5177
1858
5255
5587
7173
659
7126
8931
5426
6164
6301
5861
732
1143
4409
4081
545
1449
1645
4677
6824
1051
5183
6326
9214
2580
6361
7268
6384
436
7466
989
8416
1035
7268
4628
9248
2463
1548
2256
2255
8434
1031
6081
792
2738
5045
6
2052
7450
6264
1999
791
2261
7558
6422
1421
5239
1841
6044
5143
4910
4415
1482
365
7437
1727
1118
932
5082
1828
6351
6491
1108
673
1833
3731
8723
9935
9965
3189
5636
5319
7506
8267
5070
6674
3971
9233
3012
1588
2719
3840
354
2292
9181
1966
9445
4390
7360
1546
5611
466
1323
8689
2102
2422
8735
1469
8295
6340
6372
9665
6953
4624
1929
2191
4923
4006
3872
7879
7830
5026
622
6941
6343
5439
6887
2992
5364
7600
5772
6714
7519
9320
5504
6707
9128
3469
2849
4693
1316
2379
4342
7506
1146
1919
4374
4064
8892
9881
7716
2231
2240
7577
3586
2372
6381
855
7328
609
6401
1121
6011
8983
1978
6972
8020
6347
4285
6438
8376
8172
5116
1299
1952
3580
3425
6143
4044
1952
885
1591
9330
3131
8701
7156
2754
2199
7882
8238
2381
3567
2600
5309
7270
5849
5481
4212
9733
8401
8631
2197
7600
3986
2940
1667
7714
4402
9488
8760
1185
9363
2523
9029
9074
8822
2406
5669
6388
152
1162
186
9754
2746
7909
8058
1865
2394
4347
9549
9632
4099
1093
5067
4094
3846
773
9013
9633
7758
5014
2249
287
887
7947
4924
488
1816
6648
1671
1992
6954
8163
9733
4431
3519
1236
3361
2680
9206
9073
2148
6746
1196
146
5859
7432
8950
618
3666
5734
6810
525
3515
59
1010
3905
234
8133
1157
7437
8838
7095
9450
5851
7681
7193
4285
9052
5718
2894
8218
1274
6459
2379
5439
7107
7493
8940
49
9133
4458
6533
9565
53
3974
1
9428
4640
9572
202
9147
550
3723
4423
5490
7069
3577
9363
3186
8105
2236
5262
7654
911
1420
1215
3287
8201
4978
6082
6601
3587
9257
3407
5504
2193
9715
1449
4352
6462
6904
3552
3795
9521
1911
1563
9682
7098
5918
983
9206
5045
7684
1329
5322
918
2811
5204
9161
6455
4300
5587
6444
1581
5041
4119
2738
5205
9254
3143
8804
6566
1665
7872
8912
1455
8443
8928
4783
2773
5726
5870
6480
8086
60
6831
7749
456
5013
1684
9298
4005
7112
281
3143
2280
2274
9403
5608
6541
5366
1765
9641
6414
6945
798
5030
7570
1255
1291
9001
3466
1132
8477
2643
9922
807
9356
2798
5921
6427
7506
2128
6148
4073
9820
1108
860
6397
6693
323
4958
9534
8594
8262
9559
4020
9061
3352
8990
8029
4114
114
3847
7851
2116
438
3998
5858
3432
3626
6316
8364
2321
5312
6373
9569
7091
5780
6223
8176
8294
7383
268
6515
4223
7126
609
9397
9149
3336
5864
5292
5884
3066
5629
9677
7147
1919
1174
4641
914
3598
183
1415
3322
9494
1662
8907
7299
1089
8316
4927
4520
6036
404
5899
8147
7459
1445
75
3973
3466
2192
9330
7145
3455
480
1254
763
6969
9192
6124
9148
9540
392
2915
8376
3882
7459
4237
8995
5687
4469
9667
3881
1982
6155
2614
1521
7020
4776
3577
5549
6875
5971
1167
5777
4074
1903
8683
2773
7003
8478
4186
8311
9733
5808
1568
2882
3116
3876
8931
6155
4094
3050
8773
8106
9440
379
1280
9204
3864
422
211
1982
3922
4149
2542
2341
1237
785
1962
8440
540
5560
8669
7435
6853
1673
14
8663
997
8119
5979
6598
6829
5856
6498
5495
8340
2180
5372
6855
6546
9200
2768
5933
4568
1712
1395
1882
5468
5777
1690
9011
699
7630
9841
7800
6216
1645
7177
4423
8838
4134
4771
7605
1058
5591
1131
2542
5582
8010
7112
1236
6447
1181
744
851
1460
9010
505
7614
1048
6067
7850
1930
439
2584
6803
7499
2230
7065
2357
9464
1196
7341
1214
17
8454
2166
941
9202
8556
9435
7374
419
8172
7754
6718
7655
3103
8260
6427
1950
6869
6456
4741
4389
6891
6018
1131
7858
9214
9668
3487
4475
4289
4566
1330
1348
4540
987
4414
7908
5304
7031
473
5673
6635
3675
7158
6365
2659
3731
8390
450
2416
3452
5357
277
8161
5085
7619
9022
3798
8876
5470
3413
8411
8546
237
6353
8475
3518
4833
72
7328
480
9275
9164
792
5311
3250
2321
3876
9826
5136
5570
7525
1979
5416
9459
6803
9472
4588
342
5547
7936
4126
4171
4946
579
3759
1147
3414
9571
373
7257
6530
7584
4011
3740
196
823
1661
7307
1358
7480
1862
7965
5598
6509
7667
6445
681
6378
8681
5969
8418
7119
5911
7571
1906
7709
1114
9843
5069
6136
5028
9855
2256
1149
7410
7
9407
3831
225
3119
3210
8604
3986
3869
4197
6537
9757
5217
3279
3933
2376
5423
5892
1992
4189
5171
5293
4052
4907
1928
3878
1585
4706
3721
7222
3618
7310
1007
8627
3586
9232
6237
8055
981
7905
8361
7418
9595
642
4740
4982
7823
7416
8382
3846
9511
2800
6565
5584
5200
2477
2128
4064
6387
9366
8080
3576
1294
7119
7615
8732
3178
9901
5397
4426
4288
1932
5112
5825
1480
2944
4501
2152
6523
4691
6455
5059
5304
6018
3217
2584
5691
845
2234
8668
1332
7080
3249
2642
4533
2973
1182
2465
3075
2362
3425
7521
2257
3781
4465
3083
6800
5005
4376
7802
6246
3206
7887
7684
3979
4702
764
7588
9724
3847
3971
3192
7948
5859
6671
3416
1362
1657
2026
2619
6864
8983
7255
4197
4603
2603
8037
827
2116
4770
1054
1239
2598
6049
1170
1719
8122
9979
1694
9549
7295
1003
3029
692
5030
984
4694
1851
8238
4977
2767
175
123
1472
8079
4258
4409
7113
7279
5171
8429
7798
5392
7476
154
7667
3325
6889
1447
2175
4545
3897
9465
4323
8973
9521
6197
6154
8267
5099
1657
5868
5601
7358
7415
7915
5447
1040
2209
884
618
1930
3416
5744
110
3058
8784
9992
482
2003
1751
2606
9828
4276
2284
5654
8364
836
8485
1693
5340
139
3879
4443
7649
9974
5152
7331
1459
1542
3823
5059
8367
9407
7344
6608
4420
6930
5163
7662
8260
7048
3220
1082
2387
6541
2722
2756
7777
3496
3640
2565
8352
7557
9159
1028
445
6990
9952
2711
8368
7595
4572
6399
8629
603
8847
7563
7022
3053
4602
1063
989
8600
8531
1028
1196
6881
1904
7842
5418
4560
6287
6575
8935
7753
6281
5975
3763
5091
7347
8962
1733
4005
5424
5641
8738
8809
9112
7494
7965
8701
7307
4632
301
6255
9013
9088
7998
1511
9340
8432
2171
3936
1791
3433
4414
6450
6588
1276
8654
5316
373
4460
2513
4795
6228
9181
9661
3220
3454
6185
9565
7570
45
9739
786
6494
3734
6074
3232
5932
5106
1046
4472
9677
2680
257
7497
8946
7693
4652
4122
4751
9140
3387
4052
3521
3880
5256
4494
2046
9564
8686
7799
8937
9234
8293
3388
4195
2231
6517
7499
2844
6287
2288
4000
3973
2684
8601
6182
5770
9818
1214
1748
9747
8903
7113
6886
9256
4907
5873
1373
125
7825
5092
4638
8046
3011
9273
5990
6019
1467
8809
3759
7453
3187
9867
9988
1431
1902
4598
7678
200
1612
8628
3076
4251
741
146
6276
2236
6931
1838
1224
2978
8960
3563
6127
4210
4823
3179
6071
599
1378
9095
1329
5484
4864
1170
7170
321
8710
1766
9692
8803
5542
269
2197
8175
200
7745
3415
8502
2548
7867
5668
7257
7236
764
9321
6738
9306
9978
1235
513
466
6958
1177
3120
1902
2768
1149
1941
5068
9288
7908
2590
5333
8804
5603
4221
6203
374
3443
5293
6810
7167
8654
8805
6658
2928
6749
6930
913
5188
1737
9599
3194
785
4755
6001
6007
8863
1356
2538
7161
5537
5188
4712
369
2810
2005
7481
5757
6743
3009
1345
879
2167
4679
2466
4004
283
4404
2472
739
3545
365
8199
131
9757
6673
4815
6084
4654
2477
3682
63
7336
879
77
7571
9447
9374
8605
9148
631
2202
9233
7099
3653
7395
7003
2427
5637
6720
6433
594
5717
2971
6905
6964
5430
8469
2932
5026
5296
9214
5357
4249
3945
8907
3676
6688
2513
5437
1200
8281
9863
7781
6603
791
8096
2104
119
150
8317
511
4638
1049
8795
2825
836
1221
615
9469
3330
6552
8377
1338
1984
9533
5559
5918
4044
2687
8963
9363
1056
4422
8393
4640
9133
1280
2101
7471
3617
9547
2624
6958
6042
5059
4377
8091
7084
6480
1908
4572
4943
8567
2111
3586
9579
744
2580
8232
9974
2534
869
3729
1479
612
1654
4358
1484
5030
1497
1171
6128
3569
1595
3432
7766
4560
8368
4910
8287
1711
5706
8551
1241
2976
59
192
3520
445
884
4965
4836
8209
4082
4238
9321
6675
3720
8063
8517
9466
5288
2200
3473
6427
9940
9063
1533
208
7927
2207
417
2638
5774
9700
6785
9022
7685
2669
7894
7453
9667
2461
1157
8178
9610
8707
7399
6582
6739
7927
8169
2451
8488
4986
9465
5727
7228
2529
5363
2928
5754
4236
3186
9553
275
9665
4583
8509
1838
6733
5749
3621
3172
8012
1457
6932
8471
5934
2442
7722
4034
5837
2293
3449
7730
1630
9474
9069
7552
6700
6613
3868
115
4604
5196
5042
6271
9439
1808
2933
9149
1295
6970
1162
2767
3603
1456
6368
3305
9728
9795
1765
2918
6787
4935
6639
7066
910
5940
4772
3656
4821
4388
4895
874
4716
1412
4867
2322
7171
4399
7192
6486
6710
1460
2856
7026
92
7216
2132
2811
9298
6277
1948
2399
3345
4912
1186
8020
713
5959
2529
8690
4553
3754
4099
152
1008
8946
9583
974
1899
3904
3534
5779
6503
2082
9793
4760
7615
8099
6702
5868
9006
8983
5545
3313
8683
1474
192
3920
1526
5408
8342
3094
9976
6552
2664
6727
6924
1417
9002
7493
5038
6305
7106
389
1684
154
2969
6125
3024
612
1767
3013
2801
3159
8374
6354
7395
1652
3758
3990
6458
36
9496
3103
6429
2249
9992
5980
5281
7844
5481
4884
2477
3933
2640
5272
888
9274
65
1503
1277
6494
6554
9724
7933
3517
7741
7225
8584
7267
1210
6494
1600
3112
8459
7980
1487
7595
6964
9460
6178
5013
6700
4614
5243
7921
4289
4927
5814
5990
4651
3322
6874
1585
7311
7380
6910
1425
4562
7143
3994
9712
1458
4645
6642
6400
922
5437
3228
4619
3280
5352
9779
7120
5916
544
7913
4904
4542
2052
9057
6620
8129
2174
4189
7587
3849
1694
5297
7839
332
9585
7358
8792
3936
6019
6553
7228
3693
522
2223
3176
4985
1132
9610
8358
7950
4833
2329
869
1430
7557
2166
3384
9866
1730
4373
9632
2814
8435
3789
3187
308
6540
7450
9159
2377
4650
9394
2274
2287
1978
7554
6011
7049
5653
4619
309
5569
8811
85
4559
4280
8936
7073
5305
5611
4864
2986
9082
1583
8061
6173
5568
3571
7819
9264
6445
4984
7700
2024
4404
6895
570
9460
5070
2260
5131
4636
1619
5826
8786
9257
8237
3801
8970
1933
811
3638
9520
7928
4815
3189
6438
4607
9533
4272
1639
8804
283
4388
2350
1560
4111
8178
2861
1856
8628
8937
3993
4316
9822
3767
222
5562
1723
9340
7716
1145
7261
584
7847
1179
862
5538
2809
7983
4100
2169
7193
6361
9152
1907
8247
2175
4570
1528
9504
1062
6149
6044
6904
879
8398
1072
1045
9323
2995
1292
5712
717
85
1730
7510
734
7729
3352
7823
3232
1208
8346
7655
328
7338
1391
1343
2813
4689
801
2045
9450
8239
774
5571
9526
9878
2280
8966
8803
4771
265
274
2571
28
2085
4110
8147
849
8230
9237
5550
7481
7261
5615
5281
1557
3797
9877
1583
6973
3240
8104
2618
4331
9693
2569
3249
1488
5354
8630
6216
9756
469
8352
5597
7197
2548
3135
2543
5160
474
3723
2239
7766
8397
3652
4958
8547
9454
3893
4192
6575
1588
4698
7917
6784
5855
4683
9915
8955
9198
7663
2346
7876
9281
6549
3134
6177
8947
322
4847
3943
8574
4469
7685
4916
8819
9961
4632
4629
8362
3313
6276
4232
6254
6080
2823
4501
3119
2674
7128
715
7737
9400
5297
4170
1136
7736
7794
4632
2697
7443
3030
8581
6933
7196
3576
1276
3942
283
1662
2234
2512
1835
8190
2306
9519
4146
9848
3113
3263
3324
5018
3284
8104
3024
6830
774
5385
6251
1312
1237
7737
6422
2191
187
2346
4128
7215
6195
6647
1316
9302
1106
4939
3675
4973
3388
1045
2831
6291
3847
8452
8907
8780
7892
4624
3677
6064
9410
278
7794
4093
6036
4689
734
1495
5521
9064
499
7784
6400
8654
6182
4566
7095
1047
4415
8546
5503
2024
5637
7249
6829
9714
3543
8786
3416
7653
5819
9217
3445
1861
9248
1880
7583
709
8330
4901
6678
5169
8755
8582
7815
9988
7521
3914
5817
5776
8582
210
9641
1848
158
2695
3036
9105
3100
3505
2054
9893
4723
4582
9231
7408
2710
6475
5693
1962
6009
48
1891
2602
888
9526
3173
5116
354
6635
9154
8249
8681
7346
3131
1127
882
5639
8199
5707
4884
1920
1200
2493
6242
1119
5724
4804
5965
5647
4495
1142
2239
4924
4455
5214
9374
348
6826
5975
3539
4879
9150
5414
5035
7353
3750
5806
8809
7972
6673
498
2809
5449
9901
981
6111
7552
2751
1176
3731
1657
1602
9757
1967
5723
8503
3100
4617
9135
7787
6248
6796
373
125
7599
4092
9357
4831
6718
6284
6401
2322
607
3068
5946
5371
162
7126
5065
5652
5254
1317
17
5371
7658
5127
7385
2400
6523
954
2925
9587
1403
2823
3503
5364
2626
6572
3250
86
7590
4139
7283
4431
9985
3764
731
7222
6657
9256
9576
5562
1104
7824
7314
3186
1193
8237
1328
6235
623
9357
5570
2233
5192
6215
3471
8138
8581
7584
926
6419
6586
4365
9183
7913
1783
3889
208
2259
5924
1585
2942
7263
673
7739
7487
811
9259
3415
9712
631
3078
4273
3848
8796
499
2936
3106
5213
1698
9496
6838
3755
9139
7497
119
1767
5091
9387
4933
8169
4915
6281
6720
3062
5929
1883
7509
2771
5182
2427
7412
8792
9479
6739
8338
6746
7879
272
9664
5002
3397
2905
5571
8027
8421
8963
7124
1712
8834
4494
4983
1661
4019
7441
5205
4924
2255
3062
1616
4285
8622
1323
9232
3638
273
7426
6356
7580
8950
5292
3430
2505
9092
416
1362
7299
1581
5256
5432
8916
3637
4342
1904
525
4563
4733
4617
5158
6892
1103
7824
8453
8328
6511
3704
9524
5716
1834
2731
1046
1693
6411
8847
9347
4274
5797
1390
6989
9159
9835
5687
5697
8102
2675
8318
628
5204
2516
6555
3603
9606
3996
9093
4223
9946
8846
77
741
2071
6851
8668
6299
7627
6598
4454
981
326
990
9096
1543
2940
4045
6069
8511
5518
466
5718
8443
7849
7839
9564
6621
2798
8346
5221
4682
3403
6666
3724
3249
7508
8342
1644
2201
1033
2407
97
5490
8160
2765
1546
4659
2130
5009
7820
101
2319
6309
2287
9372
4640
4614
1474
1652
7767
28
5365
4305
5401
5778
1195
729
1991
3937
7588
322
3646
9597
3563
8010
8328
6100
7366
6874
4604
6968
8073
3216
6197
608
7064
7455
3464
6527
8353
4281
7474
731
1445
6388
2130
3783
1733
6963
8144
2340
9267
8557
2135
6289
5549
1023
2572
741
7249
8418
49
5873
2317
5013
2079
7656
453
4621
5145
6621
984
4183
4657
8901
3009
9952
732
4873
5675
6602
7985
3075
2622
5406
8399
6322
8989
9232
6071
3863
8155
4828
182
7192
9543
7260
3471
5520
9723
467
2787
6446
3392
2932
4628
9553
5051
1446
2809
5981
9384
5303
9217
7458
7302
6722
4639
9423
8607
9559
634
210
5934
7658
7075
4342
6282
1747
4455
3058
8771
4312
3712
6080
8282
5839
2727
6056
5372
3646
3887
7668
5545
667
1547
3161
5994
6255
5186
8734
5182
1899
4010
7958
620
1931
9732
8886
460
5311
2794
4230
9233
2230
1573
4948
9838
5051
8773
4825
4771
9874
4455
9451
2499
6416
6201
9418
2723
2070
7876
756
3557
234
9642
2570
9056
975
7385
2966
5940
440
1007
4389
4937
2205
2064
5819
5569
2986
1858
6360
7598
4932
4714
4328
8513
189
8593
653
2336
2175
5838
3882
8663
3652
8861
5747
7252
3345
1248
7562
7928
2780
5977
158
6105
2868
3484
9367
8848
3451
8520
9109
615
25
1698
40
6271
3911
1372
8216
4015
4220
6420
7975
1192
6564
2879
2455
6027
5451
2041
9053
1075
8165
438
67
9595
6553
6306
2822
4363
7754
1671
2904
1679
5542
9820
894
6401
952
2035
7949
7190
9735
98
9468
2938
7941
4534
4671
7542
7434
1319
8792
1144
9929
8863
9978
2234
835
8547
7273
5834
4943
320
7443
5312
5305
5476
6245
4629
7604
5346
1152
9252
8072
8681
2253
31
6491
179
7864
7561
5297
7861
6237
6283
6155
6475
8493
4119
6743
1430
5243
6642
505
6111
151
5225
6467
2846
7972
5420
2052
3180
9205
1079
6515
4603
9876
489
9799
2342
8874
8607
3487
1380
3276
9596
3566
4607
2110
2383
9437
2509
9156
8216
87
3143
4682
7714
9858
5916
9649
7964
5116
2386
2711
9345
4418
474
7665
59
5859
367
8935
8864
7648
6001
9321
8710
8252
1266
4186
2842
7471
1894
1049
6503
7252
6327
6054
3324
3196
5478
9456
6586
3107
5458
1151
5425
342
6789
3196
2206
2967
7290
7196
7203
3569
6775
681
2350
6718
1113
6472
2315
9469
4356
6255
1224
8903
1638
3520
8861
922
2629
3789
5779
2813
7419
6321
504
2086
7942
2359
1497
210
7322
445
2684
1436
1913
4398
5058
5770
2764
9740
2499
1213
3287
9452
3126
2616
456
3259
6714
4772
6239
5864
9932
4822
1851
5872
5978
3543
8682
5146
9915
7418
1361
1343
1010
1324
3519
3755
6948
3470
3230
3490
8570
3767
3735
1664
4411
5981
4220
8526
1873
2458
2532
1055
479
9881
5425
3430
6034
1309
6673
7793
9809
2689
7374
2386
8056
8408
7849
1682
2821
9597
5091
7198
5970
3127
4322
4829
1606
2532
1650
9684
5713
8180
3023
922
1149
2773
9596
4617
8419
9315
7615
4195
8735
2938
8507
6321
3409
757
4006
9323
7223
4475
9647
3261
2267
4368
1193
5160
343
2286
9598
8784
5218
2710
6283
2557
7102
521
6912
5214
5145
4126
6128
5699
9468
4723
1380
8947
7837
8014
9842
1746
1921
3651
1813
273
1292
836
6591
3459
7521
6247
5475
203
2894
4410
6588
2842
7855
6218
7497
7236
5829
8142
748
318
649
2197
3817
4338
9027
9562
3119
2209
4286
7569
9651
3614
9387
7647
5612
8262
3193
1834
2695
8861
1576
5542
824
4166
3010
808
1214
5198
6833
4363
351
2754
8716
516
4028
1583
6392
6229
5765
595
5011
6831
3259
7843
9150
6820
274
6591
9452
6180
9545
7415
8689
4652
9318
2762
3250
6
8286
9384
6181
8110
5481
4095
9951
9256
367
253
7612
2202
7366
4916
1411
4542
5952
6056
7668
2117
2025
3603
7730
7383
5039
2436
3980
7728
8711
398
4983
6134
6822
1040
5758
7577
1341
4849
7868
2689
5978
4664
8295
1497
8604
3518
7098
9876
926
4154
5780
434
2737
3136
7602
8509
7872
9158
8504
6777
2227
3049
5424
3020
7755
1869
2248
6049
3883
3746
9661
3798
1793
7387
3452
9046
4280
4682
9029
9824
7934
308
6206
6803
2990
6939
8901
5507
2440
8232
1540
9522
7263
7682
6194
5853
2340
416
9366
5
7945
9723
6334
5375
3864
9571
8816
461
4259
7450
6836
2869
8295
4916
882
2844
628
1298
2774
3904
4630
9728
3487
3183
2879
8023
7070
6902
7820
6693
8558
2874
8699
2522
6456
4978
8281
4702
9722
2870
9032
4559
5022
4413
1663
4413
7441
2470
263
6908
3877
5935
7865
1625
5624
8964
2493
1242
5724
6257
9848
1928
6239
4799
5135
9501
2506
8478
972
8960
3876
6034
4989
1733
4915
8928
6445
2977
2884
5656
8403
99
7590
5752
233
1999
8151
9545
9831
9054
5977
9629
3484
9054
5604
3030
4835
3400
6621
5388
4422
8129
8903
6617
6260
918
6119
5795
1736
3427
9537
4536
9183
3049
1192
9187
6972
6945
4656
5444
1338
8176
9150
2782
4912
4910
1324
2037
4677
3896
2121
3808
9096
572
3518
602
5427
6924
2756
8785
4193
6618
9459
6473
1297
1102
6751
8601
3297
8679
2996
6917
2999
4686
2875
4192
3149
1992
9866
3738
6239
3573
702
308
5023
2817
8001
2690
1455
3946
3781
7205
3084
9869
1628
3659
4769
9682
3615
8864
4901
2801
3872
2283
3504
5996
2130
4495
7369
5506
9082
5394
1089
7202
6614
5041
4886
2088
3360
5177
4004
13
2596
3244
2068
1128
8575
8573
6116
2687
3737
710
9477
4937
1629
6777
3076
6875
5601
9236
2918
2894
325
597
7358
4586
6049
2624
3026
5615
8715
2440
8933
9078
8603
6963
4192
1982
7440
8247
4831
5115
6088
9606
4146
8283
4723
1135
9306
6889
9035
7739
4429
3785
6637
1059
8729
4044
1741
6090
2618
8001
6654
6322
3957
4775
7921
6860
5366
1
975
7304
7387
176
2638
1934
4718
812
6300
8007
2688
1025
1502
7355
5470
4067
4565
338
5366
1932
4972
7820
9202
5405
577
8567
4987
7619
2046
8844
2722
7805
1675
2515
6191
7534
3283
603
1500
9756
4712
2931
3443
2111
6446
2381
5355
579
7917
1041
9743
8995
7
3843
3817
3441
6954
2482
7038
2402
757
404
3837
9400
6360
5407
4330
4266
2741
9947
5202
2493
4289
305
6586
5360
4792
9875
6092
1845
9866
4281
7558
9210
4679
2315
5917
2110
4725
7947
5461
819
5605
1705
4662
4582
1665
3024
7065
6173
8183
7899
7441
9136
9972
9223
1179
9405
3435
8516
3911
7611
3171
9748
4276
4081
5981
3521
1285
4667
9489
9333
6000
7523
5518
977
9288
9664
5602
4073
4460
222
3377
3830
1261
682
5470
9961
8961
3598
2626
4959
5389
8451
9217
5065
3703
3185
5167
7601
8182
7408
6183
4957
1550
7767
4113
4140
9873
9136
7344
8738
5969
7415
6197
7220
4879
2465
218
377
7553
7601
7077
6943
4933
5388
8961
2285
4320
2389
6926
8889
2854
4273
3677
5324
5218
1931
7254
4070
4078
6056
8192
2416
2266
1457
6795
4679
7111
2336
9203
8795
1968
7374
135
1696
7817
7603
1619
1255
7713
6757
7408
5651
1035
6473
817
1182
4329
999
4196
8153
3569
5401
6169
2654
9552
5598
2634
725
7525
4595
7371
1102
9543
371
9172
2126
6511
2973
660
5567
1951
891
6094
5825
4960
969
860
8899
7736
3647
3235
3446
6191
8661
1947
5399
9795
7442
7049
115
8420
1570
2222
1438
7371
1560
5749
812
8361
6824
800
9497
9940
1419
4368
4656
7759
8629
6617
855
1924
6833
1968
544
8382
3857
254
1287
84
7202
3527
3076
9878
642
6005
4822
3349
2458
8972
5041
6637
9380
1200
3750
8579
8429
7712
8825
8423
987
4779
5723
1490
5045
5295
9104
6793
2988
1357
8165
9564
9364
1767
2143
2596
2534
6688
8594
6067
2828
7868
6299
9445
9447
3997
1603
7656
872
4283
8874
3012
2406
9226
5240
9002
1469
3503
5963
9166
8628
743
2523
9884
186
6143
7147
5911
7340
3925
3590
9754
5018
2297
2104
7665
3321
8091
9011
5578
8496
270
5861
1993
9870
127
8330
8318
5855
3059
1777
2650
6224
8585
3802
1161
7421
9211
7940
5870
1634
6519
5379
7508
9669
5817
8218
5583
1444
5186
984
5424
8606
2222
1660
9178
6411
3317
225
1718
2402
9755
8910
8196
7982
2238
5833
6638
4702
9497
7493
2601
4402
7661
3968
5519
6716
6350
8397
6248
1228
9982
1906
5143
9530
4330
1851
7022
1294
2240
7571
5578
6105
690
6439
8003
2856
6338
3280
5254
484
7048
8125
1144
7799
3775
2202
4016
270
2512
490
2711
8524
9092
7106
1975
2238
8679
4817
6515
7276
3141
2275
9544
3067
587
4438
1317
1455
7948
1400
5763
3943
5861
5610
6635
2205
1378
9627
3031
8130
2200
8079
724
2216
3422
6192
7330
1456
4990
7891
5027
1202
1954
9903
3246
4984
9012
2567
7983
6177
5239
5272
6388
4935
953
7861
8876
6347
5960
408
3362
5625
6638
4652
7047
3259
6692
1135
9070
4253
3066
6372
4721
4662
1336
9456
1345
695
1017
3311
8970
1776
5819
4568
800
6786
3068
1047
775
3985
9183
6807
5862
5035
9975
6282
9581
3911
8523
1132
4082
9652
3126
2583
7547
7402
2925
4074
2782
9287
8906
7607
1038
8372
4029
8266
9288
2610
368
5162
4982
4448
3810
5316
1041
3317
645
4563
2340
5195
9405
2259
6088
260
9281
2349
4432
1763
3153
6134
7246
8694
7938
4914
8805
9085
4070
5937
1642
6763
6289
2497
6672
7276
3080
4066
1123
2426
6676
2801
8367
5571
3843
1667
3053
2749
1358
7020
8842
7816
1063
258
3475
9712
8891
1143
1753
7575
2893
7729
3676
1504
7889
4410
9874
9273
7770
3998
7323
1128
1623
6283
8452
3062
9439
9696
8378
8245
65
258
7712
166
6416
149
3864
3130
5721
2189
9769
8431
3791
8769
7183
6917
7745
5603
7147
9822
2928
1919
6853
7406
5994
2004
9988
4614
8196
2135
8940
6700
4670
389
4952
4082
9274
7481
7149
7533
1400
710
5964
4674
6406
14
7239
748
8172
7951
3737
8313
2199
332
7141
4621
2678
7729
1335
7990
5293
6340
3565
9140
4178
9204
7853
8453
7787
1506
9050
2359
786
7672
1998
6318
3050
5423
5728
9500
5658
9524
3020
6998
4716
1908
8382
598
3284
7905
8232
415
1357
7084
2515
1436
4989
482
2522
8209
450
8758
2507
1467
1680
5014
2186
7111
2042
5028
3182
9732
5303
5182
6757
9601
9728
983
8932
8637
6466
1406
5598
8217
2190
6144
5802
2416
1255
5659
5926
9551
3313
7561
958
1633
6493
3968
263
8432
4134
7863
5282
766
1805
7983
7270
991
7510
6752
9684
4388
1880
7964
3716
5278
4139
3946
6351
3261
7030
4385
4946
3732
6361
2669
7412
1325
5406
5606
4122
8103
3311
1431
7330
5545
4553
3751
2403
7787
5033
7020
4128
7551
9638
9589
8916
5691
6582
2071
6904
7250
8534
1368
7470
2383
9596
5897
4625
1336
2480
4443
8813
394
6831
3535
787
7413
472
2537
1896
5304
3159
2557
2336
9481
6406
1564
76
7061
2319
9347
3606
151
6223
9075
5870
4935
6734
3545
4002
4266
185
9223
9448
1977
3258
8514
5015
4460
6513
5401
5185
6998
8122
8446
4751
1795
9410
884
9863
8300
7245
587
9606
6602
7816
7925
6270
5333
7220
3907
4883
8756
2288
9556
6109
4826
2794
5562
3334
5234
3612
7260
2372
9976
5538
5991
6495
7594
8392
408
267
473
8766
4004
2667
4191
5408
8593
8103
6030
7690
9956
4420
7872
3098
3287
6932
1260
2572
4572
9520
1714
3132
5341
9627
9647
6706
6036
353
2685
4115
344
4036
3179
7222
8055
358
4114
4411
4104
1140
8741
3470
4113
7888
7536
6252
487
273
1161
1984
6639
7310
3600
5158
3715
8284
1805
1106
5405
4993
4100
682
554
9203
1261
7825
3887
637
6007
3459
7250
6968
1819
2606
5334
6550
5038
4365
4335
9452
4582
7774
8037
3192
6277
8576
2389
444
7535
3896
7689
5251
9010
1367
618
408
3505
6838
1311
8593
2619
622
381
7767
4767
9469
4262
6026
8055
8035
817
1632
6351
6048
5082
6005
8561
369
9992
5145
1336
8338
7444
1970
8461
8954
1654
2970
7321
516
9556
9975
6048
9835
7977
205
6734
3681
8328
1147
1049
6334
6193
7964
5437
6931
7041
7022
2592
9822
663
7279
1705
9583
1123
3605
2391
1023
4073
6826
2883
2835
3641
3194
3609
8485
798
7563
129
4965
5067
7081
202
709
7301
8351
56
1256
4036
8932
1020
7454
2540
7607
5682
1338
7064
6011
7287
444
6968
8408
3684
1151
7879
8876
36
3692
9946
1671
3609
9079
2440
8780
8748
7770
6733
2240
4786
9282
1511
1488
98
8377
8401
1192
835
8828
1543
4684
3683
6073
4540
7366
8216
6493
46
3669
6284
4000
9050
9869
5615
6174
345
5373
8488
9267
9343
5006
9205
9257
7353
6148
494
6707
6440
8042
4909
7863
3504
1660
1887
9427
7030
6964
2652
9158
102
4281
129
6302
7623
5319
7745
9502
1047
1870
9787
5174
8266
4627
3443
4715
9740
2610
670
8459
6601
7258
3907
1185
7455
8585
9259
6178
5608
9307
4172
7718
7774
9642
4772
499
5772
2893
6254
5413
6119
2149
3535
8770
4785
2986
9809
7585
8962
1663
5807
9156
3418
3551
1847
5721
319
5076
2383
8399
9843
4804
641
4667
602
6853
1120
6559
4087
4183
8696
1122
9764
6618
7008
3171
2813
1737
1993
8420
3654
8822
8587
5964
9841
6935
8693
6704
7759
6538
3889
9700
8199
3936
1841
2614
2509
8554
8533
1072
1873
379
8266
977
692
8583
1213
3228
1681
1026
7370
602
2606
7753
5653
6346
5039
1885
5727
3214
9383
3559
3702
1630
8594
3750
2862
7026
1740
4754
789
255
9714
2734
734
8191
2846
8769
4029
7205
6179
8520
7928
2749
7689
3023
9785
1075
4792
5135
4629
6271
6747
4374
4977
969
2313
954
3851
2557
6420
7341
26
2761
5112
7601
8931
6094
7799
4067
6991
3454
7038
9504
6709
8010
6109
6555
8990
1664
6849
731
9397
725
1243
9553
2671
8694
8579
7526
149
4698
4884
6889
3989
2879
1280
6312
1357
9754
2200
1748
9643
7200
7553
4087
1703
2693
7664
6074
8793
670
101
6785
4312
1456
9976
3348
3934
7805
8880
3427
3566
6519
9179
2273
6834
9178
649
7923
3880
2690
2260
28
3783
4032
1519
3141
8723
8351
5390
6032
8748
4538
9951
7421
8262
9361
1504
9714
5707
6575
9464
5651
6448
6917
9282
5169
7835
2418
6251
6654
8391
8707
9648
2667
5135
6246
5970
1210
2642
1026
4738
2290
9903
8459
5414
1928
8906
1121
3304
3254
3490
482
8556
7399
8842
371
6835
8661
6908
2045
5552
3763
7784
2916
4389
8416
5790
9562
8086
4735
2185
4121
4312
603
9423
1177
5546
6025
9697
9795
6886
6525
6572
7112
6200
4835
6441
5980
1842
48
3789
367
1032
5292
261
2681
8203
114
5174
1236
8557
693
9583
1550
1978
8125
6309
84
1038
968
7903
4297
9659
6403
9254
4114
3733
7617
1352
4501
9867
3826
2149
1832
1703
757
1020
3793
7026
6527
5750
8311
8362
6235
5688
9960
4533
4667
9818
8483
9677
2406
7558
76
2905
8180
3559
7990
2327
8606
5697
653
8534
9630
5790
1431
4799
7881
914
9960
5856
1503
1104
3078
4598
3397
5843
1480
2686
8923
7343
1777
6228
8142
7421
415
238
2985
1468
189
5616
4015
5733
8828
9058
5637
6380
8176
6223
9884
1145
1210
9540
913
699
6573
2987
7519
4259
8863
4128
3226
4735
6257
7114
8038
9974
5519
3672
7805
8431
7140
5892
2775
2601
224
467
6473
579
7784
3279
2603
1031
5884
323
9437
8317
6674
9239
5049
6495
8069
6252
9105
3352
5109
1621
3997
2446
5167
6455
6370
6588
575
1848
7032
6275
1301
407
1320
9206
5458
9049
9600
6744
1419
2143
3647
3529
7151
6100
8451
5452
1050
9696
712
7758
9384
1903
8834
1096
7535
4270
6042
4789
6028
596
6415
4907
9368
3129
5302
1235
6860
2995
2046
5391
1134
9504
845
6109
3513
4803
5567
1112
375
8194
6849
7635
6864
7257
4698
2296
3710
7749
8006
547
2769
787
3244
1808
8759
4032
4654
2402
8834
9884
4102
4418
7864
9803
2287
9828
6992
5633
7979
2034
5519
4559
7816
9951
5130
807
1039
4957
3881
3614
7630
7949
6667
6404
2719
1809
8723
6353
4438
4014
7331
8805
356
7331
6400
7936
550
9769
2654
9350
4376
9282
4010
9880
3386
2352
9911
4343
9785
1831
2584
1621
6633
2085
2522
8480
5941
6252
5836
9038
960
4474
2117
8190
9720
2678
6462
5160
1989
3742
8465
5452
6310
7223
7586
3200
5877
9639
1107
7259
9091
1537
986
4426
325
1128
2643
1886
9722
9136
2844
2191
8104
6399
1834
3237
6555
7544
2803
8129
185
9747
2654
2941
3229
4474
4011
5413
1675
6251
6193
8337
9273
4381
4555
2227
1642
5325
504
4495
1629
2043
7934
6620
2292
7119
3180
3943
2565
142
1821
4246
8369
9881
554
549
9941
3808
9595
8430
6179
7588
474
9274
4094
8377
8119
2394
4867
5862
1681
85
8706
183
1266
8473
6961
6458
8409
7654
9803
1488
1968
8479
453
7744
7818
2222
6891
4093
6988
7858
6290
4955
9249
1633
53
6949
125
404
1058
3387
5197
9347
7037
4170
1817
9785
5703
3905
5255
8603
5565
4822
1138
9457
1632
9845
9710
1219
5254
3429
2418
4102
577
8075
265
9854
4651
6278
1193
6488
1516
8304
253
3758
2352
7578
5173
7598
8177
4694
1114
6684
6176
6558
7202
2499
6802
1589
4202
7436
1891
9475
8238
5276
8564
9333
9489
825
5960
2101
5568
7960
4607
6088
545
8785
5240
17
115
7138
387
5729
7130
1157
4503
6997
8247
1661
6817
958
9842
1552
5490
4735
7138
7283
2317
3427
607
3496
9181
6755
8096
6468
6822
237
4352
9172
7509
9198
2387
911
9427
6667
1734
4156
4066
1606
758
2150
6103
3826
3280
9294
6436
7360
5169
787
2273
8396
9740
9911
4411
7904
804
8283
5309
2348
453
7080
7706
2942
1125
4307
6030
2381
2341
3423
9748
2350
3145
6304
8874
3795
65
7595
6092
1487
8378
1386
1274
7208
3715
6092
1526
9111
6538
4917
429
3729
9394
6887
2293
2428
4156
9562
1069
6558
1307
2569
3149
6755
456
1073
1241
5475
2709
6626
5588
6816
6802
9513
6424
63
2674
7446
1531
1765
1563
6647
4694
873
829
2156
653
793
3034
597
8376
8526
8509
523
4280
1906
3979
5962
6149
9202
2962
9302
6234
8579
6884
2912
7818
75
2999
3551
7908
1841
5423
8330
968
8409
9701
9153
1250
9204
547
2092
3203
9068
7553
8796
2111
8492
7031
8261
7228
6777
8060
7951
1746
8209
2337
8430
5629
8083
2996
9383
4184
3863
5106
6688
1050
448
4402
5064
5983
2079
3976
2569
3351
3193
3087
4258
9383
8110
4919
8182
4236
4717
4982
8063
3559
6838
8284
1054
6678
1233
8153
5284
3755
2558
9704
2755
4959
5753
3477
5002
7170
8740
8035
9597
6830
5751
7975
3011
6884
7562
8431
665
7499
1151
3878
1685
3899
9829
2185
1850
3520
9799
2010
2723
2037
8555
9386
1103
8623
5240
6648
2674
2675
5550
3100
7239
5388
2892
2400
7891
1969
6624
7665
6620
7207
144
2709
5917
6292
3321
4739
872
6148
7446
7945
7027
6939
6350
663
2150
2040
6169
2042
3918
1871
3974
8716
593
7704
2769
67
7488
5019
8890
7844
269
3772
5963
196
8105
1954
3471
6874
87
6018
6327
8536
3010
9651
5806
3628
3976
2808
9459
7196
1932
9787
6376
620
4705
8446
4739
5974
3311
8469
2283
7950
9643
9128
1500
2257
9815
3236
1600
266
7866
5309
305
8285
2040
5480
1644
8844
3420
7152
8471
6301
4827
595
1466
6306
5061
817
5432
3362
196
554
1285
2238
7234
5583
8218
7765
3801
4959
1108
4659
6200
1516
9663
7584
9662
9543
4335
1242
9350
7098
7575
8423
3957
3274
3524
175
5750
8398
4062
110
2567
1912
5836
7664
5380
1390
1419
2769
8411
4633
97
8203
7422
2614
5877
6319
1361
129
8073
2341
7709
505
8396
5717
849
3460
2177
2110
9585
9567
5975
1119
7114
2074
2041
5911
7207
6765
2180
699
416
6704
9838
4061
8678
2427
75
197
490
2142
8753
4338
8233
4536
4786
8203
6629
6908
7598
2177
1417
2279
2924
4412
4178
297
6404
7002
3454
2423
5498
2999
6614
8368
3226
2731
4937
2124
3692
4071
7433
2034
5647
6973
6448
5392
274
5136
3349
7198
4318
3904
1930
7143
2865
7938
7923
1819
2482
2729
3420
7107
1815
2092
1075
2376
185
2286
2953
1542
2304
2882
4714
2709
3566
4881
9465
5758
4005
9105
5147
2192
4993
1035
2912
718
7458
5946
2260
8046
3026
9093
9392
6209
9806
1297
7370
8195
5183
3739
9826
8191
1142
9637
187
2205
5324
2915
8027
4733
6174
1320
5267
7668
6954
6387
1899
9344
8935
4208
7108
3401
6638
6083
9035
3986
6830
3775
8923
8073
2043
4081
4359
4977
873
7817
6624
3389
9557
2026
8106
7213
4043
6419
8645
4603
3637
3116
3570
6459
3297
9958
9775
2394
99
5641
4111
2970
977
439
1791
6537
4016
615
6500
8513
3584
2314
933
2543
4429
3386
3377
2329
1451
1862
3754
347
6177
718
2723
6941
6600
6000
3406
3103
7151
7753
5856
4129
7075
4385
3346
7143
2861
9392
3756
3723
6343
3583
7842
4184
6801
2474
6156
1997
7244
1067
1119
545
4530
5726
9915
7070
6612
318
8973
1831
5902
3989
5397
2751
1007
8243
9960
1835
6030
6752
1145
205
2605
9905
7183
5647
3240
7643
9893
2352
6090
707
5853
7853
5341
9500
2538
8151
4897
2507
1215
8773
357
7914
8411
8851
7070
4376
9662
2436
2756
617
8546
3704
4458
3907
6755
7338
6150
3106
6817
334
2930
1681
8103
2647
448
8518
9981
2824
4136
1004
1912
6127
7737
3315
9449
7142
658
2192
3203
389
4249
8035
8880
6053
7271
2209
9742
7581
2693
9601
2968
7617
7287
6793
2104
7627
645
8811
1195
3027
3854
7099
7604
2387
9848
5101
4914
8267
6370
2010
5629
7887
7314
6462
8582
9006
133
6403
2190
2824
2826
2827
1511
2285
2684
2172
5779
9615
5458
5561
9922
8645
4413
1274
975
5676
318
8006
835
6855
7793
5537
5690
3361
2686
8404
7542
575
3971
2476
2451
7084
5941
9367
6608
1858
2585
8385
1855
595
8786
3508
3845
7815
4234
5077
894
240
76
9074
2266
2481
3846
4147
2556
4249
9589
8937
5762
6527
8144
7810
5347
9135
4525
3651
599
4420
5676
6836
6800
6637
6568
2845
3446
342
4196
1674
1392
8514
2280
3702
2891
2389
41
208
3763
1213
4331
8170
5163
2269
6591
5726
649
5537
9467
5965
6624
9953
7589
4595
1048
2439
1809
6270
714
858
748
9198
2169
2079
5438
5806
5185
102
3795
5619
2951
793
8403
6167
863
5416
1750
584
2005
5753
9050
3823
3193
3934
267
3372
9109
4879
2304
139
7247
8182
609
6644
6319
9298
3189
5346
2070
3920
6491
1541
462
2239
7578
8756
8217
9404
8353
8952
7858
3237
7301
877
9547
4503
3284
5934
444
693
3925
7102
8760
5742
6032
3216
6493
7203
8163
1402
667
4087
5718
2637
3646
5168
3176
3148
1472
3615
8825
6201
8899
2116
7700
5144
2355
7150
5234
2147
598
6559
8260
1068
3822
3703
5590
3605
7171
7487
371
3388
6072
2296
4134
6181
5547
9083
1675
6176
6378
1461
9154
2987
3440
6472
5682
2413
1536
4409
1102
8001
838
4932
5570
4850
6851
6398
1540
4323
3269
5986
2042
1356
4217
114
5650
877
6833
990
5007
4335
6416
4038
3917
6152
7340
6601
2891
3945
223
4221
9982
9697
2442
5549
4583
3164
2299
8364
3141
3543
1637
4079
8195
6911
6500
2962
1490
5717
2710
2925
7216
1645
9739
4733
5060
3791
3773
521
9758
7466
1797
2954
6144
9164
2259
4881
9431
9692
7569
1012
4039
3845
7328
4028
567
4831
3529
874
4318
4979
1032
5969
9223
1541
9180
2513
2932
3693
7867
7620
5778
1202
5408
4534
6094
4688
9052
1632
8707
8570
6016
7587
7758
4080
3638
7875
638
2578
6757
368
517
6349
6569
2265
4414
8156
1768
3990
489
4955
1009
3647
5933
2774
9474
793
9706
8003
650
9900
278
1892
7149
6935
5575
8272
549
1779
1597
7855
756
1760
3409
9841
7907
2988
8591
3751
305
9990
8973
2938
4923
3653
5270
5583
7145
801
5925
9192
8780
4602
5829
1082
7156
1093
1712
6609
2996
4859
1966
9681
9128
7525
3407
9492
6647
3406
2407
8443
2995
5576
2147
5617
904
8679
1921
4943
9893
2532
2236
3511
8409
5425
1677
3002
4835
1959
1266
5324
2169
6544
3558
9260
917
6996
6691
7946
6666
5728
9907
5186
4961
6467
1536
47
3570
4381
6822
9450
4503
4656
827
3600
4545
2969
1537
6157
2782
5617
8155
4494
1189
829
4170
9497
6144
278
7508
5853
5634
2446
7215
5148
2062
6354
1640
9372
8726
594
1417
202
4166
9686
7091
25
2660
8716
8951
1467
1776
2255
3187
3716
6397
8890
3579
8741
4859
2690
7578
4028
9075
4417
8511
1209
2144
4873
2107
7590
3010
751
5439
1107
4275
5363
5426
1548
6009
7606
6939
4975
6224
3384
1768
3798
72
577
7413
7742
5952
4641
3683
4266
7307
9338
1352
9522
2082
5290
5836
911
8130
8360
6526
9154
8408
7383
6264
7465
4788
4895
4704
8851
9858
4000
3475
7925
3801
9982
522
3210
4029
7600
8058
5800
8478
7214
7607
9418
325
7413
8352
9488
6042
755
2700
8440
5918
1665
1859
4318
6972
1679
2395
2473
9760
3423
4674
7376
1950
9722
266
3325
6406
576
7260
8407
3925
9932
3822
5569
8141
7188
4193
6671
1848
617
2697
94
9732
3565
7917
1037
3304
8701
5420
2941
3764
297
7149
4713
4741
7810
9012
1435
7338
1325
7941
3742
2101
3791
5582
8300
541
516
1629
7704
2129
6417
7542
2547
4459
9439
6310
6302
7577
2754
2680
9405
4770
5348
9058
5503
4306
6293
8058
4564
394
8952
3348
7279
7551
990
5495
5305
1385
2167
2149
6229
4032
6930
2207
9251
9178
9777
3129
5236
9372
5200
5475
5974
8005
1359
3505
2315
9537
4833
363
8296
4525
9187
267
9628
4804
7958
6486
707
3030
5430
279
6744
8451
4383
2354
511
488
3232
4750
5550
3702
1123
8106
9415
860
2562
136
4236
745
3659
6468
9940
1402
1082
224
1986
4850
9333
7815
6440
6677
1694
4343
2826
1969
5873
9226
7258
6528
6325
1048
7594
9743
3511
2139
1628
8497
7017
6887
9449
2293
4041
1020
8222
9101
9122
8668
6676
9185
7752
9343
3392
5774
6618
436
7039
3681
7236
5604
2322
582
1684
786
5757
7426
9092
8526
1869
7422
4390
874
5916
9775
9878
6133
4238
9692
1954
1948
4120
9629
6544
1828
3477
6324
1817
8244
5608
4120
1458
9571
9451
4718
927
8160
487
5097
4113
7302
5839
9213
7299
8119
4628
7867
8600
7223
3363
9987
6059
8622
1241
1570
9032
1595
1301
4191
7138
9378
6179
6130
1398
5826
7852
8555
6522
9899
9751
7432
5591
3363
6533
4650
9101
8144
5143
8252
5601
7752
4100
3170
1423
1821
4398
6150
3738
4904
2954
5168
240
4544
5159
9009
2727
6611
8485
7402
3074
5198
4429
1026
7589
1833
5855
3784
1797
1309
1256
4316
9275
9440
4520
6262
6926
5986
9249
3972
1299
2453
2666
379
6356
9153
3159
172
7107
5289
2070
1372
631
5140
7434
576
7081
1931
4323
7707
3182
4586
4553
1861
4307
4193
6744
5312
1125
1114
6965
5575
4952
2530
6422
8351
9064
1068
6552
1458
9072
9392
4896
7229
1970
5478
1277
9506
950
3945
541
8231
3877
1103
1970
4002
223
6169
123
9958
5426
2827
6328
1623
7208
9642
3908
3841
3729
5449
1591
5989
9435
1550
9346
2915
4987
1282
5374
6156
8524
2404
9323
5284
1912
4039
7941
3117
8950
4630
3626
2795
7934
1751
3743
3628
5797
9922
6048
7685
2395
8838
8771
9109
8784
8551
1768
6525
1882
3116
9573
2313
7656
3733
9519
7188
6138
7844
8361
9496
4948
506
224
6576
6204
1576
7682
4347
1540
5929
4210
9520
7965
9630
5225
6180
9743
709
9781
7777
8753
33
7938
3689
1519
172
7488
8392
2189
9632
6533
3015
743
4799
930
3712
2043
6447
8294
1573
5687
7985
4641
2968
3908
2883
7596
4210
8416
520
7177
5185
234
7654
1239
3732
9700
8244
152
923
450
8502
5650
3339
9357
527
2610
727
2572
7142
8215
2346
8194
1570
2571
177
6005
1372
1185
4415
5077
775
8285
6948
6060
4545
3439
2502
708
1426
5778
3496
2053
5921
3848
2767
3527
5578
1174
634
4462
2764
3985
5152
7779
6657
7702
3637
102
3946
3131
7785
3889
5380
4867
6222
293
732
8936
5213
1637
9961
1742
7700
3321
6984
2803
2275
540
8523
5691
7643
6775
6970
6525
2619
3117
2972
5281
4990
8889
9513
6353
2987
6215
712
2762
1737
7903
1110
4914
1008
2828
2229
8710
2142
4195
8069
6318
4126
9345
5048
5042
5372
8880
5441
9551
4881
3772
1215
3185
5723
7766
461
9779
6399
9457
9622
5014
3026
9625
9255
775
1862
2865
5765
2865
8175
6509
572
3671
5511
5902
6706
774
3028
5060
7330
2257
7406
327
4595
4426
8519
6116
6789
8335
6513
1360
8795
5218
6325
1633
7387
9008
6185
4565
1637
100
8183
3228
933
7951
8311
6671
8564
1243
5115
9475
7739
8813
3993
9898
7693
710
8803
6215
7181
3046
4989
4223
7709
708
5124
6317
9824
6486
7839
3023
281
7124
1989
8535
641
667
7075
4626
2086
6222
1959
596
3857
4258
9638
6438
7208
6168
7281
6926
4517
3425
2585
985
5178
596
5085
2826
9281
882
7881
4358
1644
2129
2862
5195
4398
820
2765
7187
2082
9751
5800
1019
2482
9808
1001
3016
6798
1670
9651
2815
5427
8604
3659
5288
3539
4119
6444
1121
8990
628
3459
2815
4383
7811
7181
1861
6183
4283
6674
4048
6287
1131
5669
5828
4958
8557
829
8290
4946
5256
4037
4817
5199
6892
9758
4101
4904
7179
4462
3993
9287
6785
2132
440
4955
6301
9346
1902
1682
6829
8473
5199
5117
520
2687
6544
6277
1277
2266
9845
3573
9989
7644
9454
4724
5693
1504
1838
2508
6474
7063
4272
5057
5020
4071
2660
439
8906
7399
2439
8606
6644
253
8951
6060
8916
5015
1907
6357
1573
9091
110
9474
2026
4255
9685
4368
3891
2243
5
6513
3990
1939
8600
3149
6537
7259
800
488
4168
8547
3669
9158
2626
1250
1069
4269
1619
8847
8989
2556
7480
9600
4067
4686
2455
4533
6881
4202
2177
7714
5463
6116
4330
989
1859
9175
6243
5006
3976
2875
7725
6996
2848
3084
1739
480
6856
4041
6953
3563
5673
9494
3495
5659
9366
7290
3654
9990
8495
7281
245
9540
4377
320
2144
7049
3172
1685
2967
9899
7128
381
5932
346
5724
8785
7990
1714
328
2666
6168
9064
5762
6950
3855
3922
9002
8735
7436
3653
4272
6806
930
2092
5476
8067
6612
9760
6639
1741
175
9929
8581
8576
7287
9456
3029
5606
72
3182
6752
8060
4566
4597
8563
7114
4979
9001
999
6034
6997
4794
7997
7704
7258
1506
1373
3049
3263
1885
4985
6441
8627
7008
7106
729
5681
6191
6370
4725
845
2481
1120
6965
1516
8574
4020
8578
2436
913
7192
8947
7512
2396
8585
6289
5146
4626
589
1952
7845
1012
5582
9989
7866
6228
991
1920
7809
5989
7099
523
5319
8421
6949
5115
1359
3226
5085
8644
5808
6458
301
9547
9054
2372
2186
729
9710
9990
9203
2480
4171
7936
5701
6437
7730
6649
2199
8756
784
3756
7437
9489
1525
5427
2868
6257
5619
5682
9251
9130
2216
6932
8191
6349
7840
4705
3276
9837
3499
5375
2185
8962
9981
2988
9556
2275
2975
5567
8282
1451
7302
9
6540
9022
2206
2186
8291
9210
8220
9034
417
9475
2811
5751
6891
2062
7921
6269
7855
3351
9573
8793
3742
5009
4978
6576
8069
387
4704
5042
622
5965
9085
6566
3668
3845
6714
4431
7706
3148
2548
9756
7416
5430
3433
363
1056
708
2294
8027
5568
4061
8890
8970
8732
301
277
5214
4338
272
8394
7064
1118
3058
1913
9724
7648
8279
8396
953
4140
8516
2815
8492
717
3029
8706
6998
1598
7323
7039
2449
119
8013
7663
1525
374
8769
9918
1673
1019
4154
2891
727
3469
4118
5964
6970
3002
394
9394
1303
48
392
7778
2985
7487
7177
9633
6192
4779
3515
4212
1009
1331
3120
637
9989
7562
819
8833
5837
1089
290
218
1698
3263
1436
4712
7435
1896
3583
3768
6425
5027
7933
8217
8954
8169
9685
6626
1870
9387
9777
2204
7535
6996
6103
6060
9404
9466
9345
3345
6526
1625
2564
9652
8736
4070
2034
7510
8418
4886
1067
3656
1993
1776
9799
7239
682
7145
436
9049
647
8446
1233
2037
1528
7907
4592
1617
2933
5200
2446
877
7333
9228
344
933
1623
3015
1526
9320
9197
6182
7360
9521
5236
3527
6517
1298
4912
84
375
5854
9883
6398
5296
8042
8155
821
8910
3972
8175
5272
7948
825
1821
6657
4739
4140
3034
885
2517
713
2265
6264
7369
5636
4749
1177
7080
7285
269
9280
6084
3651
5278
3402
1797
643
9326
4459
8936
2849
4624
9833
9639
537
1760
3857
4448
3810
9460
4121
7004
6782
1305
1711
5944
9682
558
8220
9981
9231
3736
1041
3716
5758
1597
6476
9344
9149
4862
4984
5945
1400
8423
1282
9880
9572
5451
9418
7793
8007
3595
3797
4919
7575
1152
9479
4783
5432
2673
2911
2821
2673
5974
3067
3734
5989
5316
9477
3039
6349
4847
9200
7318
5202
9777
6246
3387
8136
9075
6869
665
3737
4859
3689
300
4422
2900
7526
2281
4099
1835
830
9705
4189
3213
6
7605
1842
504
3677
743
3981
1842
7069
4754
5098
5669
7533
5026
9522
791
8353
266
1894
3735
7546
7163
7755
3802
1484
8208
9356
8690
4625
7141
3445
4064
5
8706
1783
1179
26
1477
1863
2545
4570
4353
9375
7455
5225
7576
878
9720
4395
7997
5858
1412
3863
5320
5575
647
1673
2771
3134
2045
4979
6164
3082
2243
4232
3305
1860
6308
6237
1884
914
1711
7157
1959
370
184
3929
2751
5441
5990
6935
5413
1723
4111
5851
2856
9581
2774
9471
1004
6572
2166
5946
1228
4941
3117
724
3692
177
2038
8401
7037
8180
1891
4793
3139
9451
5173
1654
2005
8686
8367
7777
2583
9876
1748
5051
3797
3148
7722
345
916
8048
9524
6134
7347
2595
6607
5284
2154
1847
4381
9001
3681
3172
2868
5038
6149
2571
7065
5729
5167
5653
4630
3539
5604
7907
1042
5158
7494
6677
3087
7362
7718
2635
6651
6440
9091
2465
7151
3503
5243
2628
4417
8507
7774
7457
154
4014
589
738
9112
1927
2962
9259
8511
2414
5023
6675
1548
7340
97
6651
9980
2854
2501
6786
1677
6965
1104
7039
768
3524
6407
9420
324
2939
8995
86
7658
4952
5099
5357
2892
3893
1233
9787
2882
7492
9082
5239
506
1929
344
6719
9185
3822
8720
7229
1421
6806
374
5573
469
6802
8846
8342
785
2722
1360
1039
1783
5296
5118
5734
5877
1360
225
7891
2567
4705
60
8285
9965
9987
7655
6174
1067
328
4079
5747
5498
3920
9410
3151
6243
422
2479
808
415
2391
263
8740
7252
3773
7042
1186
2474
3668
3773
4957
7513
4530
5106
5405
6542
5802
1348
7261
9228
1323
7216
2414
2342
5177
604
1957
7092
1521
6941
8004
2862
1361
7203
1345
9718
9859
5199
5043
9911
7894
5189
838
3573
9479
6554
6173
7555
3130
8471
2845
2918
6310
6511
4387
6538
2515
3934
4939
5341
6495
1492
6924
1460
2431
4565
3732
2803
1918
9016
6602
9544
203
4377
7167
1581
3194
9932
6582
6176
1298
2274
5162
1664
7864
2379
1649
4121
9402
1435
5183
2507
4316
1038
6963
3180
9413
7752
5754
5163
5048
7905
4095
5048
1885
3848
5192
605
3720
3525