8829
5705
8020
8495
5696
9678
2705
9432
2734
5341
8198
6894
4205
7845
6460
8746
1465
8108
9129
7940
2045
5283
8312
9957
9538
9974
7948
5293
994
3199
4151
4107
9659
3147
5725
1473
8300
9324
7498
1707
6789
8257
4625
3016
944
2302
4694
5409
4184
1186
3981
4621
4724
7410
8727
7182
6678
9720
5204
2780
5027
2313
3972
2111
972
2626
8514
2927
6347
631
5297
1775
3847
6657
5677
7723
3088
1527
8712
5770
3847
5284
9985
8827
35
52
8473
7978
6149
7300
7666
7415
1198
4184
3180
9113
622
7318
2945
8802
640
9544
9018
8001
9982
9852
7622
4413
2932
9168
205
4814
9825
1343
8359
1485
8740
675
2859
3148
3402
3199
5417
9061
8792
9951
4228
4952
9862
3358
3578
7155
9976
5559
2942
374
2817
4029
4676
4483
1041
1083
926
2152
1161
4214
7140
3642
8373
9072
6709
1403
3351
803
6716
5114
5789
6144
4550
792
7666
5002
8592
2942
5296
7317
3798
9434
5158
9154
9699
8802
8777
9690
5089
8547
52
2111
2718
4029
5996
3334
2778
1772
3687
7621
8500
6264
1381
2791
5293
5660
765
3630
6621
8665
1080
8699
2831
8657
3812
6101
3696
4699
993
883
3945
3005
5313
4304
9645
6812
6727
4839
7822
6727
2637
9925
9877
5036
8854
788
1994
4893
3266
3781
5186
2006
4848
7201
2816
7460
2412
5927
67
7729
3960
7231
3768
2405
5557
4515
8389
8577
5968
9442
278
892
1184
1513
7470
5041
4814
2914
9278
8210
8434
5703
890
2819
5855
7075
2107
5450
6111
5685
6664
9344
9024
2503
6361
682
2947
427
9243
9170
5970
5985
1184
5628
656
5125
6618
9783
6434
7816
2012
6719
3408
4444
2889
2673
7579
5112
7573
7978
38
7077
8089
8294
3321
1750
8658
5736
9406
6087
2605
5213
7522
7318
6249
3071
5779
2683
6617
212
2947
8331
5969
7110
4907
8781
3088
5554
7018
7392
759
3018
7184
3730
8311
2027
1745
2886
9497
7635
2351
3549
6831
3613
4576
1889
2548
5345
4848
3972
928
5649
3217
8278
5296
3945
2901
6444
885
9783
8792
3260
2662
4166
5394
8727
2901
1007
3696
7106
7208
3794
7700
7410
5498
4435
7155
2462
2657
6678
4979
4154
1109
1615
2008
6709
5849
9199
5802
8159
623
1799
8852
2377
803
5979
389
6236
2412
6116
9639
4322
8106
4809
4070
8358
6882
4413
6775
9200
141
6155
9985
6378
3290
8887
5348
1135
5707
9842
1914
7842
8522
388
8079
5355
3476
389
3239
2321
9709
9668
7645
6929
2662
7626
8864
6529
3895
9287
9060
5841
1649
717
7561
2683
44
6643
3639
1767
1037
4920
2659
5283
2015
1614
5652
1956
1161
8385
5493
3322
7895
4161
3523
7497
6575
7572
7498
5628
1364
2817
9877
802
5528
243
7946
6394
2040
446
3503
8106
8472
1029
5186
3953
7499
9897
1270
1711
9814
1871
2893
4304
829
2782
3859
7636
6462
8740
2464
4284
6800
1998
8415
7627
5267
8312
7983
9727
7419
9639
5316
9671
4321
2018
8603
4161
8895
3374
8360
3623
8595
9429
5537
6810
5450
8266
5194
8300
6215
5593
3297
9731
3254
3911
579
194
4511
8076
5891
7610
7873
381
5260
9079
8012
2040
7419
4501
1344
2070
1465
9825
319
459
7535
6800
3359
5341
2920
8977
3180
9011
8741
8232
3801
7203
9298
8915
5998
9517
3220
2820
4189
4094
2944
3646
7264
4809
5976
1080
6351
945
9168
8552
8154
2275
557
7700
2464
3557
2944
7386
8571
9061
6724
8154
7863
6341
6678
6155
4422
3794
1686
4104
2772
5036
9161
2548
670
7288
9308
7526
3386
9170
7208
2494
6150
7229
2795
2780
4531
2206
8830
4322
2302
3239
7702
8057
262
7458
1450
7047
5664
1101
8184
8592
3467
6719
2070
9079
6783
2917
4511
4342
8226
280
8197
1295
8406
474
938
7574
7983
7270
6435
8673
448
3091
2637
2586
5002
5071
7751
8257
7379
9922
2712
294
9690
8433
9235
759
753
1008
4791
1469
8060
9517
4698
1061
2561
6949
6308
3134
3388
9150
460
3533
9585
5318
7812
3876
9488
3540
5942
6296
2302
6147
8728
7019
5493
1469
1366
8701
4860
8645
7369
6784
5450
3128
4053
7087
2464
3892
3960
123
9055
8973
9609
4972
5553
3554
8238
6536
7583
550
2586
9825
4682
5089
4916
9907
5417
1037
1698
5316
8932
8977
2866
9716
698
7132
4694
6341
4409
1493
8434
9663
3911
2330
8777
5304
6437
7156
7155
5901
9528
3042
7516
8827
2819
1635
6801
3960
7700
212
1661
8112
7184
4098
8830
4122
3887
8311
3384
2662
6621
7519
2780
6010
7213
8464
8257
6048
9865
7561
6263
2561
9745
656
6347
275
3794
5381
4082
2415
839
1908
3884
3639
8746
5469
9795
556
711
332
6756
40
8841
5891
2660
2605
2917
5334
1628
8244
7078
7075
3016
5395
2927
4582
9585
6215
9211
4986
4082
3650
6249
4099
6310
8902
388
5469
4053
5979
103
7288
1356
5204
3592
9217
1031
5228
4438
8759
4981
8701
4228
3016
3334
37
7670
3106
4993
3398
5574
3975
9784
4358
9853
2705
5801
6571
4094
3554
5717
5372
8746
7305
2945
742
7025
4146
5089
1443
4146
7254
3683
2703
9759
9512
2012
6868
9477
1299
4428
9385
749
5290
3748
6784
6655
5493
4214
6860
343
2778
2529
9154
5748
2231
5215
8829
4567
7579
7311
2615
475
6760
3242
9884
8657
1686
5881
1596
6794
9562
7087
2999
5469
5801
8593
3004
7780
943
6130
4530
7948
1591
9924
4421
8759
8600
2755
1628
1615
54
5008
8260
2859
450
9324
8451
8552
6960
5147
4099
1299
7742
4412
8695
1209
873
5399
132
682
3540
4023
5215
3359
7573
5204
4223
9959
5231
6589
6405
2379
3687
4659
1711
8001
3216
2945
5559
8454
4090
5027
4483
1484
9738
9678
4107
3272
6636
3643
2379
3225
9715
6374
1547
252
3190
9326
4567
1707
6400
8132
5318
8960
6595
972
5213
2224
2560
5125
6103
8495
446
7044
7627
6130
9745
1618
4034
8266
289
4491
4860
4851
2647
2253
9842
187
5125
6620
1657
3322
2775
4541
762
1685
5318
9843
3836
5232
8051
6462
2819
3423
7019
9163
262
7709
2611
8596
7723
4373
6263
9474
9385
6007
83
2008
1876
1345
754
2790
8693
9051
640
3592
670
940
9758
9893
6831
759
5112
6103
2877
2669
7478
2231
8164
1547
9631
6214
4394
5293
3721
3192
7236
6341
8060
2886
325
8020
8678
280
1037
9467
124
2170
5993
9915
7870
8603
4528
5976
2965
1976
37
9662
3732
4582
1715
4422
9051
5770
9234
94
7208
1007
1527
7559
6428
1360
6611
4981
3259
9048
3969
9011
3643
7916
6297
332
7708
9536
3049
8745
4960
7716
2266
3703
2136
7845
8699
9811
2281
8162
867
5451
4203
6664
1364
5398
7211
5619
7666
599
4483
124
6960
1693
5228
4625
4893
8624
6778
1914
9293
4023
9727
3562
6055
7951
8030
3359
703
6055
4394
2386
7978
3058
2030
993
9798
8030
6179
3155
2647
10
6583
616
2611
1465
5296
1493
5284
9659
1041
8514
3042
6111
96
6831
7203
8414
3022
83
1226
3170
7336
3557
5703
2794
1900
5574
738
201
3625
4525
8373
96
9974
2149
7435
6605
8978
4778
8360
8924
9039
3266
7922
7956
1432
3005
3772
141
8690
1218
1889
9346
6546
1446
7772
616
3630
3793
4699
4528
7827
3104
9383
38
7353
4780
858
289
7184
2877
7025
107
8170
5375
1550
7581
5244
8067
5725
9180
3311
4780
280
3192
4613
4771
1135
3386
8594
672
8777
8086
9614
1309
4070
3322
132
3005
9308
2366
3217
9450
2468
6992
6308
1181
8230
9278
1661
4422
5998
3452
9451
4970
9716
8954
2136
944
4735
8928
3661
17
9346
4086
6101
4028
8053
5649
6844
3178
7772
2170
248
9079
4161
6486
3688
7559
3260
7956
3180
8373
3025
3557
1354
4722
9673
1742
9276
6297
3661
5290
3148
9544
7709
6548
9794
788
360
2431
6048
8089
1916
8230
938
6894
8547
4373
949
9585
6405
6980
5059
765
5283
2861
203
1553
5709
8164
7379
4375
9126
5664
5345
3049
9562
7846
4814
7535
7461
560
5716
6732
8645
720
2574
1036
9590
3576
3593
2351
4482
7435
7095
1200
6011
2817
3703
5890
2459
2925
627
3217
5041
4166
8977
3192
255
8512
7328
5969
255
6011
5297
999
5267
2889
5260
2999
9706
8571
6860
1998
8259
7970
4327
4491
7836
4428
8741
7353
4023
6394
3721
3058
4758
1956
7842
557
1708
8152
5009
3884
6444
7160
864
6175
1912
8331
5903
9738
9671
2782
2462
7021
5133
6324
7636
2677
1849
2377
123
2626
4321
5553
9495
5834
5901
112
6272
5801
3223
1685
9346
4059
2462
6087
914
711
332
6778
742
9072
9631
9276
9609
7933
4145
9113
8902
3049
6084
4653
7386
2132
2955
2253
5777
3018
2213
4957
1226
3549
6967
9335
839
4576
2648
2564
5242
612
6401
6913
3758
858
1059
1956
1658
7078
5558
9883
1031
1686
6010
938
9161
42
2536
1485
7583
1790
4154
5748
465
708
7562
7952
8616
2782
1750
4225
2988
8699
2972
5008
8102
8360
9345
1900
4698
3252
982
8701
378
5123
5181
3704
3892
4545
1848
1874
2914
9447
8595
2459
6055
7772
6595
5345
7121
9061
9348
4698
6548
5044
4482
7404
5890
3425
7522
7579
5428
2313
2965
2938
2224
7164
8319
6636
9217
6716
2775
8552
7394
9877
5194
3423
8230
6347
4817
264
262
2882
330
9957
2366
2568
524
6589
9217
8409
5849
6156
2605
9784
6589
3693
1184
6191
3244
4337
644
6144
698
3134
6477
4413
9055
6477
5586
7121
1161
6882
4129
1908
3793
7386
3040
1562
8887
8389
1998
9482
3793
308
3538
1450
7373
5969
2718
3806
4691
4970
9844
2494
8762
6156
928
1041
1661
475
8112
1874
5372
1433
5231
5053
2485
1990
1912
2929
3754
6553
582
1778
4682
738
6010
9161
8433
3697
7311
7681
9234
7574
608
5592
325
6617
6605
8745
5924
959
6732
8593
5785
7360
4990
6378
3917
2889
829
489
1693
3058
7328
3417
7863
4120
6150
8741
1996
4997
4952
1999
2138
6810
9544
8197
3229
7626
9798
3683
6236
4676
9437
1295
4895
4699
3945
6184
7110
6191
8396
448
4228
8295
1407
1109
698
4476
8034
3564
2028
6048
6846
2772
8645
7288
5580
835
7264
4682
6756
299
8102
3104
2983
1005
599
1799
6461
5619
8162
3223
6267
1681
3283
1710
3276
2673
6618
7201
4205
7253
3684
3693
9280
6333
343
631
7573
9562
2718
5993
9160
8278
6111
612
7842
17
7085
8385
7429
7201
1808
1910
9432
3106
640
7410
1752
8710
4519
2938
10
6957
3876
7360
873
9601
8795
9051
9368
6351
9434
9467
7469
1029
7013
488
7445
5707
9482
6214
9285
6386
3646
4519
3254
4374
675
149
5605
4948
4322
3397
9528
6755
6514
6333
6460
9662
9783
6583
6434
103
1628
1618
4846
5702
5375
3297
1369
9132
1742
7394
6075
5822
9018
5325
4948
1629
3425
771
5313
1992
5114
9180
448
7827
6632
5334
8118
9477
5114
1135
1871
6949
9538
7627
2545
3080
3781
3661
1237
6546
7021
8712
4525
5710
7153
3654
9048
9497
1448
264
7213
556
945
3703
8057
2548
8902
2703
1424
8162
9450
7850
1360
325
7106
4321
1009
1960
7838
4233
8852
7553
792
9604
3533
5319
548
1606
550
2865
8226
6970
8774
693
8859
1992
9513
5592
42
7270
2321
7870
5554
2138
3191
2568
5785
1075
9115
2794
9007
6950
8102
5580
4783
187
7873
6801
1354
9235
5005
7590
3801
2721
9024
545
1181
9897
9298
1424
6450
4028
3244
4658
2413
1200
7788
5298
6263
5498
8603
9406
2917
4948
4325
8500
3798
9211
450
9802
2152
6618
5041
4722
3836
6043
2657
2861
5372
231
7785
1023
330
605
9378
3772
8597
3975
9894
5376
3806
8331
6435
289
5181
6657
4969
520
7270
1649
6571
7106
4670
2377
1657
360
6749
8263
2561
9190
4691
6975
2025
3808
3423
7622
7836
2111
8592
5804
54
1031
4657
5498
3621
1618
5903
6007
9442
6235
3684
83
9345
201
8053
6605
7311
8795
4621
1209
7148
4576
2721
3170
6836
8434
7780
6800
3450
4122
8341
9749
6361
8690
9326
1876
2414
6992
8218
8594
6621
550
5260
67
1369
2701
703
8244
1506
2574
7526
5942
9060
9738
8700
3721
3806
4031
1023
3155
7891
9154
7430
9852
7956
788
9732
1742
8473
7392
7812
943
8830
8657
1448
8853
7305
3178
7590
8765
708
575
708
5005
5707
2529
6960
6155
3533
10
1364
8924
8454
8765
4104
8358
1370
783
275
989
9513
3379
6405
7231
5242
4358
9406
2665
675
284
9802
5419
9150
1432
5625
4225
4957
2972
3895
5664
5593
2018
524
4094
6664
7636
2040
4846
255
9060
7561
7019
2554
4695
7153
676
4748
6775
6643
9716
9163
2231
3199
6022
8079
1908
6783
4225
8226
6583
7635
6799
9617
781
7129
5557
7469
4610
1910
6162
4958
4833
1565
5976
6401
5649
6314
3832
2132
5005
7922
9811
3758
839
465
3578
8051
5213
9924
44
4375
8079
4286
5946
8391
123
8739
8853
5027
4751
3417
644
4189
6968
5822
6644
9211
5307
4511
5053
4969
8197
9893
6486
6324
6553
5022
789
5053
5717
6236
1366
2865
3484
9437
6848
6980
4491
1025
2213
2343
4582
9853
6724
3687
74
9335
4338
3379
252
3623
9639
201
6215
7129
5812
2795
7044
928
949
7231
7729
9922
8391
2030
330
7788
8538
5609
2755
9509
7516
1181
8854
1218
2405
4223
2988
2138
6721
8210
8859
2206
4083
7838
5133
3239
8978
8259
1226
3042
781
1061
9699
8905
5772
3639
8593
7983
5802
6019
9442
4226
4960
8710
8263
9631
2538
194
5812
3643
9720
6784
803
5009
1200
1767
2486
2882
2775
5891
5419
5242
878
3040
4531
6116
1653
3018
4189
8853
1485
4988
9659
4530
6794
8179
2070
8139
3593
7392
6546
982
9298
9844
578
243
7846
5625
631
7812
7702
132
6529
1994
8319
8295
2983
6264
8218
7827
9717
5699
847
8259
1688
3022
2468
141
5970
9699
6882
564
4639
1005
737
9485
2877
5071
5942
9039
5868
4098
5252
4154
5841
3022
8218
3710
3476
7279
5381
8283
3917
1015
3358
5717
3808
2436
9759
9883
2028
7264
1912
4567
3379
9437
8339
42
1879
8324
212
7446
2944
4374
3178
3818
8919
4286
1775
7951
2351
3450
1370
3887
2545
9864
9216
46
7574
3969
6147
2859
765
2902
792
4336
2896
9385
7626
3319
5071
949
9731
3576
3080
2271
4309
3972
6799
7535
2337
8387
5319
2660
6548
9129
2800
1341
1218
3859
5868
2412
2927
3244
7305
2114
8829
7738
360
2386
1767
8421
3053
8118
7922
5592
2615
3351
720
1996
7553
4639
1606
1023
6553
1775
4530
5970
4724
2726
5628
1061
5334
6957
5244
2947
6529
8864
9287
6778
6756
1990
9897
2942
6149
578
2564
5609
7254
2673
2258
4659
3768
6801
6812
8491
146
1984
2902
3696
3156
3847
2179
4029
7430
1198
8391
1186
7140
2468
3592
994
2669
2012
211
8415
8322
8740
3147
9732
4045
44
5298
5186
2008
2772
7916
107
5304
9957
9884
3006
8624
5785
926
5605
3654
7140
676
813
9368
7429
2955
3549
7085
4848
6043
3025
5298
37
1109
679
8514
1299
717
4952
5890
9795
5133
4652
578
989
866
8139
4501
3684
8871
5566
1614
3704
9287
6007
6052
2405
9355
7373
4006
7582
1190
4374
8538
3693
9025
374
9986
2814
9278
4309
2997
1450
564
670
2822
7621
1414
1414
7590
7940
7254
8311
6755
7430
697
9308
203
2206
8089
3053
4659
2413
835
4893
3040
2914
1750
6842
7121
1985
7253
5412
9126
7353
453
8529
8727
7203
5804
3953
7164
4970
3859
6727
4923
9335
8522
107
6514
9842
2538
742
8387
2564
1403
2459
9745
6719
7816
9025
7555
9720
1916
4501
2028
6147
7729
8024
9325
2568
1631
8503
7816
2447
4860
9959
7709
446
248
8754
9168
5297
11
4120
6486
1356
2414
5574
6428
9992
6087
4969
2447
8495
1808
5316
2734
5192
2431
881
9671
8132
4031
4254
8759
9924
557
4536
3004
3147
9604
275
5699
6812
264
3156
2381
5231
3036
6264
2791
9646
1848
7635
95
884
1075
7610
203
3576
248
6075
9657
40
7058
6799
7559
4639
1772
3784
656
5586
7952
749
4528
4536
3593
7469
2861
8595
6308
3876
488
533
2116
749
738
9715
890
3754
1649
1991
4657
1083
8915
6011
8278
1038
520
8515
9011
2321
2413
3388
9129
8341
9509
2213
1656
7461
9249
9974
9884
2062
6957
612
284
11
3784
7873
6968
1080
1653
8387
9448
7785
9285
2962
7870
9645
258
3836
8238
4205
4145
9280
6897
5002
7443
6760
8396
575
2901
873
2705
6103
4309
4129
8473
7828
6848
4120
8190
5232
3788
8238
211
9798
8164
6378
1545
7415
54
2896
7279
3625
6428
3006
972
6450
284
5409
7519
8805
2574
6984
5586
96
4336
9992
1526
2703
4997
7236
3321
8118
1562
8260
6437
7599
4545
7394
3223
6477
6484
9280
8086
8421
959
6894
3654
8295
2253
5806
9055
1482
2854
3258
7742
9883
6249
7498
4444
2529
6961
5261
6314
679
9405
9024
5777
7044
4083
7708
5348
9126
9326
2586
4895
878
3053
2938
7047
9509
3892
2170
5791
8690
8312
1443
1293
2337
4738
4525
1527
6267
146
7891
1025
3646
7846
616
7828
781
6661
4145
1698
8190
4444
8244
3493
5703
1049
4658
2271
3758
8260
5868
2983
4146
8190
2100
8112
703
1685
1526
4658
7404
6789
9073
6507
3747
3476
7863
8739
6361
2820
2494
9388
3730
4833
5228
2962
8132
8053
7948
7328
8051
389
548
6595
2018
548
8491
1360
9163
8600
6310