7462
8543
9474
6865
5876
3212
7912
5182
826
7015
6102
4992
5948
210
7909
8393
6100
4830
4979
2381
2406
7192
3296
6037
990
7003
4630
3966
8974
710
3447
9560
2975
7069
5105
7238
5571
1435
9541
8165
6349
9842
3769
978
3909
2963
7257
1659
1243
5907
3253
6247
6023
3239
3019
8101
119
8195
7987
9094
1853
2164
284
434
5207
6693
1580
2802
4053
5574
9577
3760
2387
5896
1913
1571
1521
5689
8521
7223
3640
6006
5624
8460
2566
9284
8634
7207
3443
3069
4586
723
4517
4648
4213
2550
6654
6479
3763
4806
1585
1766
9280
7245
4616
8505
5203
4607
5896
3239
4986
6950
3431
7512
6100
2645
2121
9071
4611
1779
89
9834
2448
5507
3189
1934
71
6137
5656
7258
723
2758
8513
886
8960
2594
3169
6176
199
6633
8331
8104
5162
3451
6949
3160
5209
4282
8407
2630
9640
2038
6844
3214
9045
5524
9156
6654
6956
3822
9165
1680
8314
3315
5617
8195
3761
4714
8024
2503
4630
7806
7038
1948
18
1859
3466
8590
4694
9785
8802
7524
842
8518
2927
6527
2606
19
9636
8314
1495
717
5074
2771
1635
9474
1110
5046
3123
2406
3280
4118
4394
6011
5901
9251
4407
6188
2692
2771
8960
8143
3466
7909
2406
863
6657
2531
1764
3046
7161
9687
9935
2746
4455
2489
1375
594
8879
4554
8282
5098
155
2261
1136
8162
199
8564
6187
8110
6628
400
1147
9533
9735
4479
7806
1779
4426
5799
5480
9626
8101
2077
4395
4208
8216
7512
4884
1789
7691
8353
1484
9735
6752
389
8332
1236
2366
8442
4479
318
7258
9733
7660
9735
8736
2736
6369
5344
5477
7729
2390
4011
90
6137
6247
3768
1724
799
9165
4919
1834
5909
9474
6188
5461
8543
2803
4472
8545
1459
4184
5077
8932
3066
6466
1782
19
3582
6418
717
985
9481
1410
7728
119
4394
5125
8736
4721
2993
3773
9202
5590
3787
9262
1067
7004
3451
9787
8922
3564
4464
5577
4350
6304
8597
2012
9694
5656
3760
1691
8092
1779
3253
5409
3995
4208
2630
7451
8411
9394
1633
4153
3306
4763
7342
3104
1814
2119
3001
6918
8694
4473
3640
6512
7971
6465
4083
8917
8930
6896
1172
676
8405
1286
1676
434
4086
4721
2888
6465
6357
3466
1859
6896
8770
651
4690
935
4880
9657
803
3757
2349
9842
9842
2432
504
8345
4664
8248
7223
4479
3168
2692
5617
6819
5005
7968
3885
7685
651
6301
637
247
1338
6247
9293
2489
5098
8335
6930
164
1375
8686
2927
5066
7362
9481
9649
9218
303
7949
9311
1318
7086
5128
646
3769
6381
7550
2131
2080
8634
7766
9609
9888
6371
4426
7833
1814
4418
3229
6006
8165
8281
7968
1843
6998
6927
6512
4505
844
1885
1384
458
943
8694
990
810
1979
249
7831
8928
4015
1522
3940
5946
7342
854
8868
8787
8564
755
2345
185
1408
2919
5309
9559
9533
4406
2132
7861
2119
1947
89
6137
4357
8981
7921
1353
5590
2360
4753
710
803
213
3927
8986
3610
1031
2060
2137
3351
2390
8543
6771
8504
2922
134
1484
6407
6489
5634
1380
3836
1378
4118
2227
6366
8169
6496
164
4590
1286
5930
2925
1355
4735
352
2381
7825
7576
4111
1931
8782
4203
6703
5131
3592
2258
8410
3239
842
6102
8986
3669
6038
5829
2859
5652
2733
2937
5523
7846
4357
3750
5870
4318
2035
3172
6927
7223
2868
4224
2733
8487
9483
5799
1604
2956
5652
493
2021
4472
3792
9887
999
6251
2927
6256
3168
6805
4150
9542
4213
5946
9225
142
2432
9750
4244
6628
7020
230
4276
6725
9030
8974
6104
651
8974
2620
2345
6638
3365
8981
6725
2594
1934
8684
1019
8597
3760
6300
2387
4992
2352
7985
5946
3001
1459
3743
4603
1923
3328
2746
7524
9787
7377
1355
6466
2018
9333
8864
1067
8518
3893
4661
6044
6210
1604
4586
1136
2381
3966
6958
8225
1586
676
134
5908
3758
6389
9738
6724
7188
3592
9553
2208
9394
992
4224
7377
6617
671
3859
1586
9626
2366
2940
1774
8221
4721
2161
185
4443
8694
7003
5080
9145
9072
3616
5940
2922
9071
7943
5497
6865
4365
5272
2077
7691
3413
1979
3513
447
8858
2636
1585
4806
3390
1383
5901
3667
7038
373
2816
935
400
3763
3757
9163
2121
5514
5908
2736
6006
863
3280
5301
8345
810
8930
1318
7368
8905
1519
3160
4250
2859
5248
3263
8238
7668
5624
5480
9694
8645
255
5533
7710
7806
3964
7492
9333
2380
1782
976
1979
8928
8801
6896
6907
1252
821
4182
3582
8550
5080
6897
6933
1383
9553
4406
3592
4017
8928
8556
4337
2867
6633
5344
4806
3187
5685
2531
6251
4365
2674
9291
90
3859
674
6721
976
8822
9277
8169
2349
5597
7448
4661
6275
6887
4203
637
7245
247
6212
8504
8237
3706
9319
2258
9145
4607
8329
8831
2161
1337
8460
3964
3244
9368
3620
6245
6304
3131
3959
9357
3837
3131
2931
493
3893
5533
3837
1583
6949
5723
4046
886
6270
9045
8590
9890
5903
7161
3212
4365
5472
8922
5514
3229
395
6258
8986
7943
5409
1355
1583
4015
4399
5114
6104
7198
7367
4696
9542
6291
2899
8943
8822
9002
7576
7728
837
2936
8930
5477
7676
6044
2830
4351
8752
6712
4139
199
734
799
6258
1853
2200
6479
9367
3068
6933
9407
8016
2450
4714
6479
305
4097
2380
3215
886
6918
4966
7455
6347
3280
2899
3620
8216
1521
4249
6736
2645
7691
1294
9559
8282
224
4825
9476
6
3447
2388
1885
9394
3049
5577
4036
1043
8165
5829
6407
2816
8883
1049
5494
54
8441
8486
9291
6467
12
3743
6826
1228
4793
2227
1339
6740
8459
2403
19
1580
8686
8822
8486
646
6887
5577
71
4694
594
1702
7831
4426
2200
2258
7679
2018
4781
3681
5590
8936
3263
3458
2993
6823
5114
3046
599
9788
1999
6216
2781
3692
4603
5939
1067
8782
1311
5581
3923
1923
4823
1995
2080
5311
2733
8999
9190
6291
9561
8282
3919
6304
149
2018
1811
6703
4455
7103
9636
3582
6482
9250
7367
8883
8508
4153
6965
1019
8645
706
4150
5529
214
1820
3852
8320
1766
1228
2931
1491
803
2157
508
3965
6721
3068
1304
5105
3836
6496
249
6777
5128
8394
1691
5362
7742
1931
9039
674
6389
3027
808
7742
1988
4690
4443
7061
6366
9483
4421
6381
9291
2043
2204
8913
2261
2674
4992
4139
7999
3420
6187
5248
4986
4245
7668
1585
7004
3699
2943
4735
6369
5130
8487
4788
2816
9888
2038
9700
2803
5771
9186
6823
9165
3630
9785
4734
3049
5782
8085
6604
3630
458
1410
213
3792
1075
8515
6011
3214
9224
9225
7728
9202
8879
6347
5248
1236
2403
1948
3667
4781
9788
5098
4269
2868
1834
8983
9398
1276
164
4803
7599
2131
325
7784
3315
6305
9428
2121
7103
6369
8778
4149
7550
6210
1635
6397
3172
960
2843
255
6887
5900
6330
5362
4249
9888
2012
9533
8518
5529
6844
9035
9033
2802
818
9618
9515
9261
2043
3859
6175
5685
2143
2345
1680
585
7468
3046
6949
6781
8801
8007
4029
2043
9996
676
9935
9407
8398
1183
8221
5889
1659
7052
5121
3315
5207
1753
71
3580
1702
2758
8394
6175
155
8237
4952
4616
4880
7157
7490
3757
8802
8345
6100
5497
1311
2208
1019
2132
6038
6781
9626
1844
6357
4884
7145
8092
5131
1337
434
1505
1353
394
7069
5460
3893
8411
831
2375
202
8999
8515
1580
8407
3214
8977
1252
9694
9284
7238
7570
4407
7086
134
804
2395
3171
6462
6712
185
2375
9280
3750
7257
6467
5829
1995
9926
3027
6801
3172
8487
5286
3517
6102
2811
7367
9236
6330
5209
5103
4036
9746
4162
4250
9822
6604
8721
2143
5780
1410
6724
6771
5005
7238
8221
1676
3365
5680
3413
5409
1334
2937
113
6489
3068
7954
8781
9787
9554
5780
2401
5870
9636
2387
2388
1934
4811
3354
4357
8736
7971
9515
6711
1202
2492
447
2625
2588
992
7055
4870
9738
4966
1353
8250
3253
5480
2399
202
2952
8556
7668
4554
2625
8882
5773
808
1117
1294
6907
6412
8151
7803
4162
7161
8564
4726
8964
7052
6245
4141
4391
1252
3220
6188
504
2380
4244
4777
4201
8913
6897
2606
8629
2204
7207
869
4694
6959
4653
3927
3229
1782
9319
5732
4334
3451
8085
5563
3104
5130
5004
5773
6391
2489
2956
539
7912
1724
6
4517
2081
6719
9834
2798
8486
978
3667
4830
1339
6890
7031
808
6009
6412
8441
6376
3769
9834
7015
7949
6184
7576
1332
8868
4884
1418
5533
6783
2143
8169
6959
8433
9050
2390
637
7550
5771
6657
405
710
9935
4196
6275
1435
8151
6712
8733
42
2922
7166
2230
177
1947
2786
2583
6330
6177
493
4607
2606
2678
723
6724
9603
1863
5589
1378
7715
8721
9035
985
3517
3743
8781
3350
7924
3616
8504
9558
3131
8667
671
5151
1511
5151
1702
1859
7492
9674
7696
646
3513
249
149
4870
4244
8173
5782
4011
3997
7052
854
5514
2450
3498
5889
8353
1339
7964
3564
9146
7038
4459
8104
4696
4351
3287
8508
90
7912
7660
7833
405
1764
282
3651
4880
6407
7361
6489
3575
9674
9542
5362
5597
325
2580
9146
9277
3306
149
6617
8667
6714
9428
1168
400
2943
2124
5524
9609
6397
224
8922
5968
394
7462
8452
61
7003
158
143
7004
6527
7643
2963
5272
3001
3580
4149
3104
8807
9930
9186
9202
4184
1521
4623
508
4578
395
4394
8233
325
8442
4141
2137
1168
8721
1583
2746
9163
1294
2588
9045
4288
4788
358
6959
6771
8711
9006
3517
155
9051
2594
142
1049
6777
1512
9432
8798
9430
5909
6918
7207
599
3350
842
3669
9558
4216
7633
7144
5478
4140
2208
2803
8442
8550
8452
3306
2200
4726
2730
9367
7924
9561
3443
7679
8781
5289
5951
2492
2503
1635
2432
943
1522
2389
2630
2261
3354
5876
8915
4763
5909
6381
9573
7490
241
7999
1571
6187
992
3803
8405
7825
394
935
3877
5571
9039
6391
5907
8550
5066
644
8173
5182
2073
5903
7818
4318
2137
6740
9932
5723
1147
142
4781
8162
3328
8251
2119
847
2843
305
4455
2899
177
5066
9687
4734
3750
2636
6270
3160
8361
8964
1753
4459
9726
1312
4586
8807
8936
4540
1659
3919
4205
3220
7742
6376
1814
3940
6890
3885
4118
305
1853
8393
1935
4500
4162
8038
2963
6392
161
7086
5889
9640
2888
2750
2164
5130
3066
2566
4714
3390
5046
2931
5940
8104
2811
9430
9335
8312
8686
9071
8936
1724
7448
3220
2389
230
7985
9618
425
8629
1075
9674
9396
8411
1663
5128
1764
4803
5118
7831
4208
5940
5908
6251
5125
8393
539
5507
7121
7468
8883
4213
2352
3919
1504
8320
5494
508
5131
1178
2723
9432
1224
2131
3964
7660
1948
1571
2678
3036
8905
4648
6037
4201
1378
4421
3625
2395
4015
4475
7765
5652
5680
5529
4450
3443
9996
2395
8410
5571
6617
6760
5656
7448
8733
6783
2399
2802
6256
2468
210
1753
9573
943
6104
9250
7696
9746
6025
1049
282
4011
9788
3966
1519
7987
6409
4053
6181
5930
5311
8237
4726
1368
2457
2645
9890
3049
3692
9890
9051
8410
143
3927
1511
8314
2083
1286
2157
5121
8369
4299
9033
8515
8151
7650
9738
4205
3296
247
3836
1383
5461
7954
8989
9550
4888
2226
9030
1913
717
9558
799
2438
2012
3681
5523
2636
5182
2161
3852
8016
3244
2811
6431
6094
4224
9609
674
4735
5313
47
5005
6392
4097
9010
1676
8332
1202
706
8802
8801
8845
1604
6217
42
9925
6783
3973
1491
2958
8787
5080
3048
4480
2388
6431
599
5680
8251
8444
5773
8361
9280
7753
8320
6300
3036
6512
1178
7987
7949
2674
6965
3897
1834
8143
7342
9680
8444
2993
4630
9996
5782
2678
5311
1337
5907
831
3626
8092
2059
8173
8433
1885
3610
6835
810
5968
6210
4616
2943
869
9145
7715
5207
9367
3763
804
6270
389
4421
1236
2940
2952
2132
854
3787
4661
158
5507
4778
8274
2692
4986
2750
6275
1913
9932
1275
2226
6897
4046
3458