938
4400
3898
2335
2093
286
5238
5009
2577
945
5807
201
2101
3398
3090
1668
2958
3584
7772
8919
9979
8250
8367
6138
997
5863
6295
5209
267
8434
4118
5886
391
7367
3024
1711
447
8731
1851
8440
3802
8241
6873
5701
4041
8849
5634
6987
8580
69
3663
8448
8859
5633
9071
8813
7740
9683
149
8146
4176
4449
3
9999
8430
3197
1948
8976
3267
2881
4449
8001
9348
2161
9996
7674
188
3986
99
1148
3291
1457
1525
6812
7848
7913
9953
4220
5634
8728
5604
7907
9348
3674
3008
2681
7505
3117
630
4647
4936
5268
1542
6883
7106
4660
3945
4837
3329
5840
8273
4121
8507
920
4030
4936
1492
8482
2609
6962
4463
1302
2615
9042
1343
9114
409
6583
9373
822
1290
188
1939
9201
1871
2646
1613
8579
28
9850
9780
2487
6558
3311
976
6256
9882
4449
1023
8783
9771
3087
9706
3099
543
4986
8933
2605
6655
9823
6116
6649
1130
1618
4236
2771
1620
282
2514
354
8604
4119
6300
7749
7334
9953
4242
1150
6864
3415
5701
2534
9760
3176
1971
544
8515
6888
2018
4988
2041
8536
8453
8625
6664
9858
6946
2276
6403
1305
9024
7472
4900
3472
287
9330
9723
4766
1489
5592
3808
676
3658
8299
6566
3146
1894
9568
9015
6594
3270
8401
780
1843
9384
7320
4545
6112
3246
6980
3271
1343
9999
6703
9204
2692
7374
4098
8150
4714
759
633
2674
1420
1579
4361
4838
9865
2461
5945
5038
435
2939
4228
8926
7936
9251
2902
8149
7822
1758
879
7334
2507
6359
4207
2069
585
8215
9905
3997
8903
3239
7758
2172
2440
2110
6756
8271
2530
2758
5881
5604
3958
9409
7267
4353
3579
6853
181
8135
7234
3505
1179
9784
2478
4178
7867
4598
7697
28
4995
1384
7445
3125
3739
947
3491
8202
3293
9444
19
6788
8141
3338
6191
259
7721
9165
8653
8880
5206
1057
8208
6609
1777
9527
7033
3144
7406
8783
4898
2173
6522
7057
2457
6665
3193
8540
5840
1713
4113
3534
3205
7522
1732
4004
8074
5445
6208
6276
7987
514
9783
3534
7216
802
2579
7414
3101
9849
1130
1448
5092
3313
811
9818
3401
3567
6932
5081
1590
137
2390
9464
1282
7576
7422
5778
1471
3209
7567
9690
1913
4410
3649
6454
5424
9979
8512
8262
4872
6705
7284
6142
5255
1657
271
3930
6934
5768
5955
7199
8018
593
3359
4184
7721
144
9821
6829
6237
6408
9862
653
9134
2227
2896
5092
1450
6946
8070
5389
6191
4746
6507
2171
9986
4619
5079
7987
8518
8848
813
3247
7008
9394
9858
9433
3845
485
3600
8083
6302
5849
1640
5955
278
5028
5728
1640
6978
5640
149
3697
7238
7448
8161
9016
7172
3053
2629
9465
4913
4059
4058
4104
1843
3363
5408
2784
9440
3341
1692
6717
7010
2641
9239
7597
3771
2459
5756
3798
1555
5771
7576
5597
4388
3009
7073
3205
8001
3505
6239
9199
3805
8615
5402
8359
5792
1608
1282
9104
853
5976
1790
5133
2352
7853
4483
4063
8817
1223
1384
7575
4611
8150
2062
2175
5333
731
9997
4841
7978
5144
4936
2233
7467
3724
5394
2443
2096
2768
6428
1458
7008
2670
8339
334
1008
5125
5161
3749
1446
4682
7370
3771
2150
971
5044
8096
4906
5352
3002
7876
7755
9462
9818
9016
1526
1694
8137
2996
3714
9912
3039
7479
578
3328
8704
1808
8435
4293
6505
1591
174
1350
4035
7569
3344
9366
5696
7752
598
5441
7772
2429
6247
7228
2641
6242
6130
8658
6770
2361
1057
277
592
997
5560
8684
5945
6553
2310
1434
9118
3086
4595
4953
2175
903
6607
7059
9422
3854
2464
6589
8681
7549
4770
6609
9577
3753
1538
5396
2377
7155
1049
9299
8395
1207
4176
4410
8127
4669
9474
1806
3692
592
6115
3798
4168
154
2996
1061
7810
8549
2498
9737
2997
6146
4455
1546
4240
4573
3516
3114
5271
4704
659
1467
5771
7794
3369
4576
7979
7286
8887
4220
4887
5573
8447
3086
1656
2457
9831
8442
6112
4532
831
2641
8556
1240
2423
8745
2126
277
7387
9024
3143
8817
6801
4605
831
8660
2464
2907
8313
9832
6115
7060
3299
5683
5041
4163
8887
2516
8904
1846
149
1384
1002
6413
9705
4726
6136
7278
4407
4165
5807
8265
9810
6259
8625
1956
5394
8676
4954
7048
7286
6015
985
3421
4979
6725
708
2134
2178
3299
7320
3246
3567
9218
5865
557
9850
5081
7870
7090
9719
7248
4576
4017
8201
4339
920
3491
8081
9845
437
3861
6553
7306
6946
286
38
7960
1652
8426
7178
7270
7113
9212
2538
9865
978
6373
9973
1648
5388
8303
3001
862
3635
1748
6552
8681
54
4922
5409
3204
9475
4941
1939
2617
3774
2383
7102
2630
3945
8941
3061
3588
1185
5036
4606
3728
8481
2495
4829
5179
3266
795
9305
9906
704
7464
1073
188
9235
6424
3745
3745
6237
6455
8271
3792
8121
9138
7938
6743
3925
8205
7449
9285
8599
6125
8852
137
2592
3177
9836
6707
3002
5722
7275
7694
8566
8849
1785
744
8870
5287
770
9573
4330
9993
8481
2824
1215
6795
3418
4849
2042
9528
1596
7234
3663
3446
3635
81
3311
7719
8192
4870
4954
6993
5081
5165
9365
8871
9111
2227
1191
559
2603
3638
5144
4281
2983
4634
6539
4837
4336
5895
5865
3192
7805
3600
2021
2988
6257
4143
4143
2574
6241
6012
86
8434
9888
28
128
7270
4932
5740
4706
3611
9436
1340
6096
1191
8972
9057
3753
4390
5123
686
2958
1902
7228
1404
4135
8133
9489
3377
8155
5710
9813
9660
903
4403
2617
7261
2971
580
1036
3398
4669
8079
5049
5372
391
9267
1579
7587
5293
4772
7246
2592
148
6152
9378
8288
9005
7410
421
9384
4819
3563
3815
2810
5266
7410
1544
4953
7216
5607
9580
8522
7785
4184
1251
6096
6133
6438
6796
2910
8586
1331
3486
3841
86
5871
9935
6884
6834
9918
8048
2916
7003
3363
417
9504
9857
7197
3711
5434
1448
5673
2069
5028
2989
3110
2185
2243
5257
7124
5729
7134
4365
1438
1759
9474
9648
3406
4324
4288
7160
1889
5648
4603
5651
7289
3371
63
2352
3188
2778
5284
268
2839
9477
5284
8004
5651
4301
4844
6377
5070
6012
1590
3523
1252
4238
3732
3696
9222
4727
4967
3677
2983
3170
30
9653
6176
3085
3511
2088
3329
539
6881
3263
160
9001
7913
6454
3362
9096
6100
1485
1702
7678
745
5537
4441
5075
1620
9616
6839
9818
8013
3469
5648
1072
148
6475
5803
2862
9025
8190
3739
3789
1216
287
6132
2498
4413
3718
6251
437
4865
1939
3907
2628
633
3829
5639
7561
9498
9771
5079
4908
5439
7198
1748
9612
5746
452
1437
5566
2057
6195
7794
9950
8398
8707
8195
7198
9010
6704
2099
6980
3616
2221
3090
3306
767
6355
6156
7309
4532
2229
2538
6080
9569
4059
4778
9932
63
4388
5198
8982
329
7679
5138
3896
6763
8197
3333
1266
683
2521
8470
1980
9974
2525
6725
9480
100
4715
2161
3771
3623
6077
5753
407
9638
9230
1266
795
583
1678
7010
7731
3878
9974
2710
7060
6173
630
9862
7309
7697
3624
2826
8144
5696
5672
8168
1591
6598
7867
1777
7014
6526
6655
723
7130
2038
577
5113
4627
6888
5824
6507
9645
7979
1706
5192
2848
7481
1333
6062
7660
9143
1794
1345
646
8426
5419
7370
504
4063
6078
4357
5728
7758
2590
2159
3320
680
7006
9008
7159
322
5445
686
921
4692
9264
3688
6757
9165
9789
3323
1054
6670
2445
3333
6705
9180
2237
5234
1826
7116
5683
6799
7149
4986
7309
6552
5755
6339
5113
745
7517
3193
6743
2561
7120
4315
6339
4522
7587
2604
8503
6973
6544
6782
3925
3009
3798
1219
3938
3965
3854
4196
9579
3266
8579
1188
1739
8947
7051
234
1417
3349
7144
4654
5537
9078
7975
4284
2839
8783
2113
4179
9114
7689
3766
9527
773
9567
4637
4978
3310
200
9392
7729
312
9423
6775
1643
9144
1104
1390
539
5484
6962
4406
6278
7798
3184
8597
8265
1056
922
559
2092
4350
1964
4330
6538
7822
5021
1195
3915
7418
3247
1464
7605
2457
1704
9682
7051
7501
9394
8744
5257
6156
7268
6271
3997
6427
1547
9543
1281
8747
9033
6643
9617
7407
7481
6140
4588
3804
3556
5298
2723
439
5006
5944
4593
4158
3774
8464
5639
209
7518
2273
4995
5049
1240
8277
418
7785
2005
5396
6799
6130
9841
4754
4550
3266
4868
6012
3861
1820
6553
2628
7120
5038
6526
9899
8272
2914
2969
6118
7778
5622
3829
6187
5362
3693
5547
3390
3362
9913
72
2417
3834
261
4821
9025
7867
5472
400
3965
974
4838
6976
7302
174
2723
1600
4759
1956
8288
5570
2808
8030
5531
831
2389
6309
6976
9453
8599
2958
2907
5489
8383
3209
4950
8445
9282
723
8474
4522
7728
7607
5753
7679
4324
7805
4522
2768
9851
6580
9800
5537
7682
1513
7186
8676
3852
4800
4898
6859
7414
9153
2439
3149
6149
6801
4581
1085
6932
1309
8327
7827
5022
7704
5266
888
5824
4245
7719
43
2347
144
3158
8604
2472
5301
9668
8442
3446
2335
6335
8271
1578
6558
2577
4788
7592
7979
8339
1068
3944
8300
5633
5983
8295
4829
9362
8833
5126
6191
5915
9962
5157
2663
8048
5488
3511
4168
2229
5318
1732
7318
299
5682
1964
8470
8513
2046
6563
2864
4909
6118
2428
4183
6116
2429
5850
3585
4945
47
2051
9595
8597
9149
9660
1597
9720
3804
1605
8475
7700
5133
4603
6238
8583
7455
4354
892
3769
1665
6085
1471
9875
7013
7575
4495
7129
81
6408
8928
8127
6013
1243
7740
3039
2514
9899
1997
608
3117
5938
9866
2172
785
9630
560
8367
1902
1023
8324
5873
1544
3177
5014
4076
3014
9654
3930
7895
9264
5895
407
8483
7983
9005
3420
2070
3878
4063
8127
7123
5365
8421
7533
3396
7765
2670
7450
54
3396
2046
9222
6995
7060
6022
6591
7129
8764
5269
1695
3219
9830
3511
628
259
1338
7461
6312
5287
4361
2400
8861
6121
4744
9015
4713
5803
2969
3508
7322
6078
8155
3745
8982
2747
2036
2616
5022
3030
3861
3192
9296
5836
5168
2768
1913
3931
7656
2389
1771
6271
2031
4286
8680
9714
1691
79
7515
723
5673
4568
2290
8085
4194
1980
3245
8856
1691
9993
246
7281
7033
4943
9362
1759
5048
1871
8441
3133
1282
2656
5270
4772
1014
7198
1438
8442
3118
3943
9738
5174
242
7250
2908
1443
6959
6656
7809
5376
5085
3647
9686
7862
2054
3999
123
1765
1313
4523
6217
2920
503
329
7525
4357
9204
7729
5138
8132
9086
7569
2113
9851
6242
4647
4627
4732
2644
3677
1517
5271
1544
1918
5429
3038
5190
6217
8924
7755
7871
5907
4978
8749
6561
3812
8754
246
8480
2854
3999
9069
5036
9887
3909
7307
6169
9148
4989
9143
1869
3670
8492
9423
1068
3811
7199
947
731
7074
7631
5116
7751
9616
2574
653
7034
920
9686
1829
5755
1313
3683
187
3177
9555
4236
1670
2227
9860
1437
5654
3259
4355
3839
7726
8005
779
8074
5048
3454
3712
1882
822
218
8599
2472
1818
9122
7841
5692
4598
2910
5614
704
3014
7160
1790
994
9906
4870
3995
8749
4675
4207
1128
4916
3818
7013
2872
4913
9682
3546
3848
4030
3584
3213
9953
9520
2650
6670
7192
6408
1702
3841
5307
3538
2110
544
7597
5362
6949
9996
5482
439
3212
2347
8373
752
3676
1179
9109
1079
4666
1732
969
580
794
1401
1448
5482
7555
8871
5373
8870
1283
4196
5126
1670
6015
7855
8383
8205
4754
9031
4803
7496
8539
6859
9251
9944
2608
4044
8001
4887
3143
6100
1842
8168
7610
7561
8235
1947
1115
2752
4126
824
9644
6302
6655
5783
5531
5268
2269
1600
8205
4956
1547
9912
8063
9283
7185
3619
1280
4098
2727
19
9908
3750
6013
8812
9282
8144
6140
2973
886
7248
2862
5808
2018
9996
8941
5243
5907
7010
7283
974
4194
6888
7603
1886
7481
7209
508
3579
5482
6334
6177
5653
3743
476
5331
1374
7248
3723
4291
633
685
8331
1390
1652
7517
6271
6809
447
3540
9793
3293
5570
8404
3584
7122
2456
9064
2603
8563
6121
543
3711
8604
4501
7978
580
442
5692
7371
6146
9918
2490
9149
841
4121
5752
612
4690
3450
3450
1520
4978
7895
2814
1458
4874
7464
1866
1493
8555
4786
3353
5486
5990
4381
5955
6580
7544
9245
1317
1798
3901
1319
3663
3010
2874
981
9688
1902
204
3804
3767
3546
2150
5068
6396
7371
5303
2482
6700
2895
3472
1522
5021
8215
2376
81
9269
5334
1881
1437
61
4611
7406
7486
9757
1713
785
4203
1608
5429
1429
187
2757
6489
3110
8653
7356
994
9057
8434
9244
9283
5441
4692
1573
8779
7522
7713
8711
2935
6795
3314
7694
3467
3405
6489
4726
4917
7418
6665
7138
7550
5198
482
201
261
1182
1280
1855
7690
2569
7888
9870
9015
1079
9475
5409
3743
4904
2643
4076
3921
2569
611
7851
7337
38
5866
5833
1628
1331
9281
8821
3090
3217
3878
9850
7700
4126
397
1048
5836
653
8132
1427
4595
4646
3651
2652
3314
7550
3962
8524
6841
7935
1720
1276
4787
9424
8249
5575
5925
1237
442
4284
6775
9165
5566
2110
8879
5824
1354
5048
4588
2151
7234
3556
9975
7289
9346
4759
9512
8153
2429
3626
8235
688
4405
5706
8870
2443
9876
9272
36
3498
9144
1061
2281
5388
3241
9830
8030
128
1489
80
77
6216
5673
9498
4286
7778
648
4475
7403
3577
1185
4207
7704
8778
6354
7513
7749
5125
4496
5640
9142
2675
1562
773
4793
9096
2824
2539
9447
3516
1640
9573
737
4285
3486
2609
4446
4585
8555
7114
9189
1657
879
9544
4977
8965
5016
5077
6266
8758
9836
9033
5961
1620
7514
7831
7197
3739
9813
3356
2332
8550
2610
4786
9079
5093
4738
3161
2974
6947
3377
161
5116
3213
4525
7938
3344
4240
8509
5352
5672
1101
5990
4812
4501
286
850
8482
3651
4715
1146
2630
658
6517
6403
5155
3211
4441
1919
4898
7159
245
7268
1818
3811
1596
3793
7486
4195
4505
5637
9055
881
1759
3623
886
5
6878
4539
2979
734
6259
5706
6550
9031
7467
2996
9031
7130
4030
5636
3674
3696
5009
3895
7194
2120
2417
9918
6941
348
7527
4605
6930
5162
3446
3356
4637
5245
7803
6251
3841
7890
3895
2183
72
3421
6074
4682
7678
8440
7342
4646
200
2527
3469
2861
2221
8195
7322
3958
6429
1079
5532
4819
6947
6149
7746
4611
583
7387
6475
3582
8958
3875
5155
5945
448
3314
4939
2728
5506
6256
4105
8658
6306
7258
7562
1049
4719
2883
3958
7063
2590
1069
9189
9301
7983
7572
495
5486
6088
2173
7680
3498
281
3854
245
7960
2656
5700
6152
2400
6973
1668
4776
3818
679
271
4866
6195
4601
7071
2898
9138
9543
164
9508
8691
6239
1800
6628
7312
9508
9001
7636
6396
1082
307
3010
6420
8512
6019
7610
9905
9579
3505
1674
1579
123
5036
4281
2221
3608
3133
9841
9612
3662
963
3898
3481
4019
7827
3616
4714
3316
6335
8958
7936
3880
3508
5072
6788
6848
7345
3390
8370
7019
8933
6237
7343
3130
6451
676
1894
3794
4158
6062
6429
8241
7392
271
4986
1381
9282
1271
5616
3
4165
2252
3217
9738
7074
2759
4751
4868
225
6194
1286
2771
9932
7125
3195
5479
7378
3117
8641
2681
7185
5362
7205
943
5415
8480
8749
3640
7518
9498
5028
9518
9839
8313
9895
4196
4181
6790
9299
9389
123
3197
7955
354
9175
8681
6806
398
4803
3727
6199
7912
3262
9079
1913
9908
4916
9870
6769
3052
7948
3269
5704
1584
7470
1836
2025
38
3467
3727
8299
2408
752
9010
7073
4413
7363
4306
3396
2471
6136
8435
4505
598
7787
2387
2484
7276
50
2674
2656
4306
8928
7627
1387
3826
2246
8004
3245
732
5529
4041
9305
3219
8827
8384
8273
9166
1309
8475
4037
3425
7284
8926
1866
1779
4720
3938
9444
8657
5133
3341
3711
452
9678
4309
2895
4379
128
3410
245
6670
4890
8341
3921
4900
430
4676
1983
6121
4393
3158
2757
2791
9528
7281
4315
6066
5155
732
7440
5840
3271
7253
7246
858
4861
8334
365
4734
9059
3611
1099
477
7656
6169
7484
5634
3591
9821
838
4410
3323
5627
163
7610
4890
2826
3042
1649
7569
4569
3185
8817
4904
7250
6339
6251
1207
8174
3803
2603
2116
5778
1906
1753
3434
8074
8049
8923
6194
7533
8194
9720
5007
8341
3623
7794
5306
5820
4887
2046
6763
4198
8965
5872
6489
9904
7102
8941
2439
8106
2232
3212
6377
5419
7072
5793
7696
2935
1081
9617
347
2576
7134
3389
1794
4751
7276
2920
6781
8825
5337
659
3188
8500
7418
8318
1243
8208
7163
620
3247
8348
2400
482
3438
5287
4098
8539
7106
8586
8201
1022
5
8303
3543
9042
6336
8273
615
5850
9628
9674
5472
3836
3153
6859
996
6554
6194
3693
278
4906
8077
8325
8150
7057
5499
8333
3498
4037
6769
2757
6517
6001
475
7074
720
4104
9453
8680
2892
4972
5583
199
8742
163
5532
5238
4073
5224
9800
3898
3696
7697
3019
4585
9567
7899
8362
2151
6221
7948
5376
4681
802
3434
8102
7752
6917
6934
7514
2814
4568
9409
9944
5756
3164
4713
6781
8348
9688
2792
6277
2632
4017
4443
2095
5479
9527
5072
9689
7305
4544
2626
9689
9191
8214
46
6261
2030
6642
9774
921
7250
9899
3826
7470
8430
2908
4605
6589
3732
9625
1611
102
1713
6136
4303
4666
6920
8566
6544
6525
7633
1777
4737
9823
971
9612
1304
3688
8648
8630
8563
1121
1668
4405
1002
116
779
7406
7555
9046
7153
9466
6513
8032
5464
6157
3353
629
7627
9318
1251
8144
8678
3103
5597
7631
8845
4545
8153
1355
69
4569
8362
8549
7402
8444
6580
2896
8378
418
7633
4841
3193
7861
6832
7711
8424
1977
4004
1705
7098
6965
4681
9836
7607
4606
5951
8132
3329
3228
9876
6364
1605
7484
7680
2780
838
8956
3674
5731
8583
1069
686
7303
5147
3909
9175
611
9882
5568
6130
1102
5636
3766
9142
7997
8096
676
7461
3239
3543
569
9378
1061
7278
4278
2426
8333
776
1997
1677
5307
3016
380
5271
9500
9742
4228
5335
7731
7928
1493
7186
4941
6145
3164
2854
5573
514
6373
3909
4293
3766
9738
5412
6340
7071
6513
5925
2005
5484
6062
8798
3845
2101
9475
1995
6832
6717
910
4390
6438
7057
1801
6187
4473
892
3000
4938
5990
4811
5479
2646
8373
1166
3626
2490
9122
7185
8110
3651
9579
2507
1842
3270
7811
9301
7163
6853
7874
299
2301
3208
7821
6029
917
6039
1456
5916
9800
2332
6374
6142
7605
8707
2266
6001
8678
3038
8641
7694
3360
3328
5865
9028
9997
1073
8337
2485
8401
7216
6244
3569
8239
6438
5978
5464
9888
7063
1205
2407
9588
4215
6561
1556
3033
9865
6917
9143
8070
4353
1240
7722
976
4953
6413
7621
4075
2484
2758
8457
739
288
3826
2626
2231
6496
4939
4353
2646
6707
2907
7144
6740
2175
8754
5499
8861
4293
1727
5354
5509
4525
4923
1798
8006
7497
1855
5532
7935
9178
8933
1262
6995
1670
4406
680
1456
3834
4309
746
1100
2861
5238
821
8539
4058
1806
5694
5514
277
4465
8550
1458
2516
7133
7518
5424
363
8272
7123
9851
5612
613
7199
1865
8445
514
1719
7501
1130
3910
7387
3818
30
3794
2605
3845
8781
1492
4619
6570
6157
356
881
3749
8249
3204
4339
4059
7822
1790
9010
4734
1615
430
9937
148
2336
768
1072
3353
3425
4915
8313
4495
5126
400
105
413
6244
2653
2557
1618
5301
3160
5116
6373
5653
5773
6302
5113
1814
4917
1596
9962
4118
3752
160
8976
413
2778
1794
3925
4330
7765
5682
3187
7403
4792
8904
6483
6223
4732
5514
6665
5144
6386
334
4666
7936
1869
1889
9763
9777
6216
2896
326
4073
3977
6357
3434
1619
813
2161
7178
9424
1865
6359
9845
1219
5629
3839
2383
7724
5921
9301
3147
9715
4938
1562
6138
46
6616
5307
6782
3852
5021
3833
8580
5808
3438
1081
1150
3143
2116
4745
7787
9086
5336
3385
9230
6583
4635
1760
3051
2579
4532
6312
629
7019
6591
2390
3205
2166
6987
9239
3624
4619
3019
7428
8197
9500
5016
1350
4750
5070
5254
276
4076
2032
557
1871
4784
813
9888
504
917
8237
8804
6368
7549
3652
4320
9760
1627
4868
985
409
9555
539
2536
5622
7048
7090
6223
9251
9239
7286
3187
2591
9078
5409
3100
6412
267
3020
299
5072
7107
6642
3042
9595
7961
4285
8758
3328
495
2564
2784
1048
5394
1919
477
2126
7922
9148
615
6829
5604
2858
4788
7374
7562
9630
2561
8390
4228
3659
1851
9887
8904
5202
1317
8421
7567
7746
9567
225
7709
6719
7578
3031
1357
5298
4890
105
4627
1898
5886
4274
7745
7895
2231
3860
2839
3585
1720
6796
4606
5752
5483
8334
6965
7679
6295
8882
6401
4787
2610
2304
3880
2997
4941
1170
3626
1888
6609
5489
6019
9940
8556
2185
1115
1526
2903
6041
5419
7107
6563
6987
745
7732
5192
1488
6538
4905
3533
4386
3789
1748
6208
2806
1542
4278
666
8398
276
6942
8447
4732
6396
8146
6295
2860
8048
8924
8579
3039
5376
72
6628
4425
2989
9604
326
1069
2142
8246
1575
5535
8101
1281
6277
2985
4050
6388
3649
2246
4669
4661
9693
1872
2183
2280
9298
69
1971
5044
9806
8990
7729
6041
9720
6133
5484
7912
3740
1195
4720
3401
2376
4803
6660
8239
348
688
6332
7497
8657
3270
4143
9882
794
7544
2830
7209
3086
8279
3662
9577
3910
5224
1227
1948
4123
1691
628
7102
3915
2615
2208
7348
4119
2832
4547
9086
4198
5640
4635
7208
4178
6174
380
2752
1427
4581
5446
1753
6171
5988
3619
2883
5378
9138
3076
8444
6257
1814
9858
922
8384
3533
4288
5137
3585
3250
8088
2166
1492
9307
4476
5700
7517
9984
9860
1865
7063
8198
9189
6806
4479
8161
8087
4690
5402
7987
7810
4553
6353
40
4830
4865
4498
1906
7870
648
1573
7837
3405
4715
9409
2566
5849
8359
4274
4720
1417
7326
9831
8734
8480
843
3963
7592
5783
8077
5778
8707
6800
704
3852
7267
6336
4295
6550
3938
2826
8720
5123
1242
597
1012
7686
1420
3774
558
8472
380
2062
3349
8472
6427
2691
214
7334
8978
1555
3793
4226
2301
5252
3241
708
5756
4516
6557
6041
2626
8919
9757
2814
2171
7155
4746
3042
442
1429
4550
4453
391
5907
2727
7159
259
1434
2021
417
6863
8754
3563
4647
2070
130
4581
2576
7656
4969
3875
7674
1708
3533
1166
5396
5611
2727
2120
5305
8141
6278
4506
8578
7186
7751
322
4311
9202
2758
6368
1415
8265
6942
8711
1856
2806
3344
3478
3153
2864
6505
1894
1123
6510
4788
6496
1115
6745
4198
137
9512
7123
8424
6115
1578
4874
1467
2322
7374
6978
5875
9378
3201
6116
8572
8375
7479
824
7182
4778
8888
495
5202
4634
4793
9148
2615
9560
9180
3087
1814
4123
8239
4305
2495
811
2172
9914
7098
5415
7731
9433
2806
2674
9094
3341
2408
5533
9832
4121
5853
5335
1539
1188
3293
3320
1707
6239
9913
5781
8358
6161
6357
1417
4041
8625
557
1971
6591
6840
1216
6613
7532
9033
1445
8004
1170
8237
7537
9136
9134
4278
5075
7792
9294
5722
7505
2868
8106
2948
1867
5354
8137
7496
267
4177
2935
2408
1618
5944
963
9678
3658
2178
2361
9180
6777
667
2905
821
2902
3068
9984
2591
3052
7505
99
4490
4455
4917
7787
9202
9617
7113
4682
7646
5014
4064
8195
6848
6978
5615
5118
3833
130
2660
5064
2675
8965
7746
6221
2608
7391
4350
4728
6542
354
9595
8657
5988
1608
4734
8088
1123
2536
3125
2231
5093
3619
628
8524
5445
5533
5573
6568
4473
5803
2830
7337
1798
8303
4158
2976
7303
3632
7978
417
5978
6428
9696
1708
8858
8344
1591
4019
1716
2687
5137
4123
4103
861
4977
8956
4595
7810
3187
5168
578
7491
1350
5547
8426
2439
3977
7326
7513
7090
7305
1800
8106
3246
8283
9962
9101
2630
8250
6586
1520
5318
5738
1466
9450
9760
364
8331
278
3137
6401
7983
4586
3267
8720
4989
9974
3532
1918
6013
4381
7955
7268
2848
5182
7028
2393
7327
9771
7368
5333
5038
7874
7959
6221
6705
4954
4924
577
939
8676
5077
3718
9715
1276
3099
7543
1736
2021
8304
7013
7765
7027
997
36
6729
9183
9264
5636
9318
1525
436
7562
7302
4371
4676
3531
8358
3640
2752
7965
8697
5365
9362
3627
1333
5118
3523
3053
3399
795
3899
9005
3146
8688
6558
1182
9914
4603
658
4900
2348
5583
2747
7805
5123
2610
2849
861
3377
7592
7261
8858
8348
4375
6177
1634
5925
6817
5542
8734
3640
9645
6238
8515
7959
8556
1446
174
7275
1118
5661
8903
8535
886
9447
2576
8447
6689
4866
2848
9313
9129
2527
5685
4569
6078
7205
2874
2759
1196
1338
3486
8731
7724
6594
3706
9673
2407
7428
3528
5701
3219
8947
4168
928
9555
5006
3697
3569
6822
789
2208
4950
6259
6932
46
4967
770
5886
6241
9806
9839
3977
3209
2577
8121
8815
5688
6947
3208
1688
1219
9438
8083
2602
4719
8028
6703
8067
1905
3805
892
8812
996
4496
897
1427
5014
5833
8277
9742
6091
7281
2530
1313
9803
8540
6157
8524
9071
4872
4490
1089
9543
7501
8572
1014
86
6642
9114
7576
5706
3159
365
8121
7261
6840
8005
9993
5174
5637
8916
4874
8470
856
5225
4315
334
5961
3137
843
2266
4593
1886
6517
2500
5793
5685
1720
4637
400
9028
8688
9465
5306
9780
1250
3269
2539
7660
9201
7961
3051
5446
5280
7711
9294
3889
9904
4825
8812
9937
1906
3008
4516
7525
4240
5372
6840
8597
2854
9152
9514
2675
2759
8005
5011
9269
3450
5731
3161
4772
4281
5692
8848
8734
7392
9577
3160
5614
1215
4215
4033
5092
4744
5752
40
276
5690
8512
6125
2377
3316
504
1041
9518
2031
2159
5535
3986
8019
3101
4939
5772
9905
4044
9528
8796
7032
5661
6312
1340
2181
3217
3632
8258
1856
6973
5485
1223
9841
6696
7178
7803
811
7028
4390
6530
7484
2939
395
971
6169
1280
2670
2500
2407
3569
2948
8518
7726
5568
1488
7561
3239
268
2120
6769
3724
5882
6505
2388
7657
4017
5118
4852
6664
2423
3245
8133
5190
4163
3016
2041
3830
3910
3538
881
3563
1771
8861
4759
6941
2824
3333
939
1354
3532
7894
6664
1585
6878
281
3009
7295
850
7817
6774
7246
9706
4055
1457
4118
2041
1049
2516
9673
3185
1054
4188
8779
3963
201
8728
1101
9580
6261
3714
9307
7343
2539
8081
4545
3114
3176
1585
1041
3600
2528
3790
577
6799
5125
4742
3292
8135
4126
6355
2088
4905
8085
3276
3282
4766
1854
9269
7578
213
9560
1753
2861
2997
7072
2266
19
732
4306
5903
9508
5257
7709
7407
5800
4176
4505
4672
4972
5542
1319
8337
2989
6991
9261
685
421
4634
7122
6150
2485
9560
1184
5688
2116
9191
1536
2903
3921
7831
910
1980
1014
8404
1983
5165
9638
7194
3299
3723
3990
4690
9285
7890
2971
8877
5700
5139
7497
3950
5629
5174
1002
559
4037
9777
2500
2605
4539
3014
7848
2229
7912
9973
8947
2178
225
1719
7116
1771
2784
6743
9094
3805
6336
3125
3728
2126
418
2983
7258
4976
9008
6563
1564
4055
8030
2668
4830
7289
5043
491
4479
4188
6696
9644
6238
9183
6368
4988
8318
913
5378
8087
1023
1357
8475
9330
9440
5441
8880
3311
7392
7073
8214
8958
3010
5781
100
4744
4972
282
5104
5843
856
6242
7935
8954
9683
9644
3036
3880
7674
9810
6696
6552
6525
448
3895
8353
2482
5639
5064
8711
4938
9512
2150
2183
8372
7722
6173
9057
9627
8214
9757
5137
611
5753
4950
8858
8028
5372
2862
613
4675
3338
1674
1501
9230
3723
5983
3740
974
2332
9316
1585
281
4483
8248
8515
4531
7831
2616
2310
3292
7922
1480
3652
3401
1207
3204
4620
700
3693
1872
1077
4713
4475
9480
7646
2616
9506
7196
8290
2417
5708
1867
8744
6878
9291
4350
5225
9973
3413
1674
5637
1072
7129
7532
5745
976
1704
8779
1191
6359
1526
66
447
9906
3362
4243
2255
1785
3309
8919
54
1276
3665
1319
8279
1628
8077
3616
8639
9082
8131
1905
9305
1230
4812
9349
1613
8661
3173
3830
6372
7028
3752
6263
9118
8458
1708
1964
1012
4058
1281
1997
3320
6993
9908
2841
6475
288
9183
4473
4654
8639
9904
2948
8860
2472
4573
9144
268
7071
5140
4613
437
6179
3965
6096
1479
7928
5731
688
4924
2232
3835
6152
2443
138
136
1381
8384
7975
435
679
759
2653
3778
2792
4872
6513
8549
7348
7726
5661
5710
7778
3778
8653
6278
700
7587
7231
5978
5627
4908
9668
5344
1251
8444
1842
8500
7120
7019
4523
9937
4829
2644
2892
3749
5843
6774
1479
6019
4344
1252
3133
2482
3546
5672
5612
6800
9267
6204
9950
6413
1494
9682
659
2032
1100
9628
6863
9839
3356
3349
1295
2174
6088
1536
5895
7758
1911
4719
1202
963
4413
5341
2069
3638
6357
2233
6839
3360
7696
8849
9638
5337
2093
3144
3802
5781
3185
9441
3740
700
4479
5209
4495
7961
2881
7326
780
6424
491
3811
8845
6583
4553
7356
1166
7032
2609
1704
4632
5815
8401
3653
2456
9780
7072
3491
5006
9194
1727
9645
5873
8202
1438
2902
6315
4203
4812
4865
8110
7798
2527
8300
4354
8879
395
6161
3228
9202
5903
4022
5597
5648
3608
2874
5683
5590
2402
8453
5728
9912
5016
8063
9462
872
1216
6570
6488
9683
1089
3950
5966
1739
6277
1856
5836
4113
9204
1866
4654
5561
3241
2159
322
6510
4593
8430
6199
2111
8536
6570
6125
5559
3839
1415
8926
8110
407
3425
6795
3469
7513
4213
8032
9084
7154
7486
2487
593
7572
8398
5792
1250
1619
3276
8161
1605
1918
8249
2352
1785
8237
3848
3276
7337
7890
2025
2518
2644
4945
9480
7567
443
331
1707
744
5009
1036
629
1643
1118
6853
3727
7228
6161
744
6074
2170
7682
2514
4226
7527
5446
6263
3146
2871
2792
5489
6179
6377
1287
5334
4995
246
4750
7803
5843
8720
2636
1223
5472
9447
2600
578
4109
9129
9520
3540
6544